11002500
11002300
11002500
11002600
11002400
11002400
11002500
11002500
11002500
10002200
10002200
12002700
10002300
11002400
11002400
11002600
11002500
11002400
11002500
11002400
11002600
11002500
10002300
10002400
11002400
10002300
10002400
10002300
10002100
11003100
11002400
11002500
10002300
11002400
11002500
11002500
11002400
10002400
10002300
12002500
11002500
11002500
12002500
11002800
11002300
12002900
11002500
11002400
11002900
11002100
11002400
11002100
11002900
11002600
11002500
11002400
11002500
11002500
11002400
11002500
11002500
11002500
11002400
11002400
11002600
11002400
10002200
11002600
11002300
11002500
11002600
11002000
11003000
13002700
12003100
11002500
11002300
11002400
10002300
11002400
11002500
11002200
11002700
11002400
11002600
11002500
10002300
10002200
10002200
11002500
11002500
11002400
11002500
11002400
11002500
11002500
11002400
11002500
11002500
11002400
12002700
11002600
11002400
11002500
11002500
11002400
11002500
11002500
11002500
10983800
11002400
11002500
11002500
10002200
10002300
11002400
11002500
10002300
11002400
11002400
11003100
12002100
11002600
10001700
11002300
11002500
11002500
11002400
11002400
11002600
11002400
11002500
11002300
11407600
10506100
11002500
11002600
11002500
11002400
11002600
11002400
11002400
11002700
11002300
11002400
11002600
11002400
11002600
11002400
11002500
11002400
10002300
11002400
11002000
11002900
11002500
11002500
11002500
10002200
10002100
11002600
10001800
10921300
11002400
11002400
11002500
11002500
11002400
10002300
10001900
10002500
11002300
11002700
11002300
11002500
11002300
11002600
11002600
11002300
11002600
11002300
11002500
11002500
11002500
11002400
11002500
11002500
11002500
11002400
11002500
11002600
11002300
11002600
11002500
11002400
11002400
11002600
11002400
11002500
11002400
10002300
10002100
11002500
11002600
10002200
11002500
11002500
11002500
10002100
10002300
11002400
11002400
11002500
11002700
11002300
11002500
10002200
10002200
11002600
11002400
10002300
11002400
11002500
10002300
10002300
11002000
11002900
10002400
11002400
11002500
11002400
11002700
10002100
11002400
11002700
11002300
11002500
10002500
11002200
11002500
11002500
10002100
10002200
11002400
11002600
10002100
11002600
10002100
10002300
11002400
11002500
10002200
11002500
11002500
10002200
11002600
10002200
11002400
11002500
10002300
10002300
10002300
10002200
11002500
11002400
11002500
11002400
10002300
11002600
11002400
11002500
11002400
10002300
11002400
11002500
11002500
10002200
10002100
11002500
12002700
10002200
11002600
11002300
11002500
11002200
11002700
11002500
11002500
11002500
11002600
11002300
11002600
11001900
10002700
10002400
11002300
11002400
11002500
11002500
11002500
11002500
11002300
11002700
11002300
11002500
11002500
11002400
12002700
11002500
10002300
11002500
11002400
11002500
11002400
10002300
10002300
11123900
10001800
10002200
10002200
12002700
11002400
11002600
12002600
11002500
11002500
11002500
11002400
11002600
11002400
11002400
11002600
11002400
11002500
11002400
11002500
11002500
11002200
11002700
11002600
11002400
10002300
11002400
11002500
11002500
11002400
10002400
11002300
11002500
10002300
11002400
10002200
10002200
11002500
11002400
10002400
11002300
11002500
11002600
10002200
10002200
11002500
10001700
11002500
12002700
11002600
11002800
11002500
10002400
11002300
11002600
11002400
11002500
10002200
10002400
10002200
11002500
11002800
11002300
11002300
11002500
11002400
11002500
11002400
11002500
11002500
10002200
11002500
11002600
11002300
11002500
11002600
11002300
11002500
11002600
11002300
10002400
11002400
11002500
11002000
11002900
11002500
11002500
11002500
11002500
10002200
11002500
11002400
10002300
10002300
11002400
11002600
10002100
11002600
11002400
11002500
10002300
10002200
11002500
10002300
10002300
11002500
11002500
10002200
10002200
11002500
11002400
10002300
10002200
11002500
10002200
10002200
11002500
10002200
11002600
11002400
10002300
11002400
11002400
11002600
11002400
10002400
10002300
11002400
11002300
11002600
11002500
12002600
11002600
11002400
11002500
11002500
11002400
11002500
10002400
11002300
11002500
11002500
11002400
11002600
11002400
11002600
11002400
10002200
11002500
11002400
11002500
11002600
10002200
10002200
10002300
11002400
11002400
11002500
11002500
11002500
11002500
11002400
11002500
11002600
11002400
11002400
11002500
11002400
11002500
11002400
12002900
11002300
11002700
11002100
11002900
11002300
11002500
12002600
12002700
11002600
10002300
10002200
11002500
11002400
11002700
11002300
11002400
11002500
11002500
11002400
11002600
11002800
11002100
11002400
11002600
10002200
11002500
11002500
10002200
11002600
10002200
11002400
11002500
11002600
10002200
10002100
11002600
11002300
11002700
11002500
11002300
11002500
11002600
11002200
10002400
13003000
12002700
11002600
11002400
11002400
11002600
11002400
11002400
10002300
10002200
11002500
11002400
11002500
11002600
10944800
11002400
11002400
10002400
11002300
11002400
11002500
10002300
11002500
11002400
11002600
11002500
10002100
11002600
11002400
11002500
10002200
11002500
11002500
10002200
10002300
11002400
11002500
11002600
10002200
10002300
11002500
11002400
11002400
11002500
11002500
11002600
11002300
11002600
11002500
11002400
11002400
11002600
11002300
11002600
11002100
11002900
11002400
11002500
11002500
11002500
11002300
11002600
11002500
11002400
11002500
11002500
11002400
11002500
11002500
11002500
11002400
11002500
11002400
11002700
11002400
11002400
11002400
11002600
11002500
11002400
11002400
11002600
11002400
11002600
11002400
11002400
11002500
11002500
11002500
11002500
11002400
11002500
11002500
11002400
11002600
11002500
11002300
10002500
11002200
10002300
11002400
11002400
11002400
11002600
11002400
11002500
11002700
11002300
11002500
11002600
11002200
11002500
11002100
11002900
11002400
11002500
11002500
10002300
10002400
10002100
11002600
11002500
11002500
11002400
11002500
11002400
11002600
11002400
11002500
11002500
10002200
12002700
11002500
11002400
10002300
11002300
11002100
11003100
11002200
11002500
11002900
11002100
10002300
10002100
11002400
11002600
11002400
11002600
11002500
10002300
11002300
10002100
11002600
11002400
11002400
11002700
11002300
11002500
11002600
10002200
10002400
11002200
11002500
11002600
11002500
11002400
11002400
11002500
10002300
12002600
11002600
10002300
11002300
11002700
11002300
12002700
11002600
10002200
10002300
11002500
11002500
10002400
11002300
11002400
10002300
11002300
11002500
11002700
11002300
11002400
11002700
11002200
11002600
10002200
10002300
11002500
11002500
11002600
11002300
11002500
10002200
11002400
11002600
10002200
11002500
11002500
11002400
11002500
10002200
10002200
11002500
11002400
11002500
11002400
10002300
10002400
11002400
11002400
11002500
10002300
11002400
10899000
9997300
11002400
11002500
11002500
11002500
11002500
11002400
10002300
10002200
10002100
10002300
11002400
11002600
11001900
11003000
11002700
11002200
11002400
11002500
11002500
11002400
11002500
10002300
10002200
12002800
11002500
10002300
10002200
11002500
11002500
11002500
10002300
11002400
11002500
11002400
12002700
11002600
12002600
11002600
11002400
10002300
12002700
10002200
10002200
11002400
11002600
11002400
10002200
11002500
11002500
11002400
10002400
11002400
11002500
10002200
11002500
11002400
10002300
10002300
11002500
11002500
10002700
11002000
11002400
11002500
10002300
11002300
11002700
10002100
10002300
11002600
10002100
10002300
11002600
11002400
11002400
11002400
11002600
10002200
10002300
11002400
11002500
11002500
11002500
10002300
10002300
11002400
11002500
11002400
11002500
11002400
11002500
10002200
11002600
10002300
10002100
11002600
10002200
10002300
11002300
10002400
10002300
11002400
10002300
11002500
11002500
10002300
11002400
11002400
10002800
10002300
11002500
11002500
10002200
11002400
11002500
11002400
10002300
10002300
11002400
11002400
10002300
11002500
11002400
11002600
11002600
10002200
10002300
11002500
11002400
10002200
11002600
11002400
11002400
11002500
10002300
10002300
11002400
11002600
10002200
11002400
11002600
11002400
10002100
11002600
11002700
11002200
10002400
10002300
11002400
11002500
11002500
11002400
10002300
11002500
11002400
11002500
11002400
11002500
11002500
11002500
10002200
11002500
11002600
11002500
10002200
10002300
11002500
11002500
10002200
10002400
11002300
10506400
11002700
11002200
11002500
10002200
10002300
11002400
11002500
11002500
11002400
10002300
10002200
11002500
11002500
11002100
11003000
10002300
11002500
11002500
11002500
12002700
10002200
11002500
10002300
13002800
11002200
10002300
10002300
10002200
11002500
11002400
11002700
11002300
10002300
10002400
11002400
11002400
11002600
11002300
11002600
11002600
11002300
11002600
11002400
11002500
11002500
10002200
10002300
11002400
11002500
10002300
10002300
10002200
10002500
10002300
11002500
10002300
11002500
11002400
11002500
10002300
10002300
11002400
11002600
11002500
10002200
10002200
10002200
11002500
11002500
11002300
11002700
11002400
11002400
11002500
11002500
11002100
11002800
10002200
10002300
11002500
11002500
11002400
10002300
11002400
11002500
11002600
11002400
10002300
11002400
11002500
11002500
11002400
11002500
11002500
11002500
11002400
11002500
11002500
10001700
10002200
10002200
10002200
10002000
12002700
11002600
10002100
10002300
11002500
10002300
