19004300
20004500
19004300
20004700
19004000
19004500
19004000
20004600
19004500
19003900
18004200
19004400
19004300
20004400
19004200
19004300
18004100
20004600
19004200
19004200
19004300
19004300
18004000
18004100
19004300
18004100
19004400
18003900
19004400
19004100
18004000
19004200
19004300
18004000
20004600
19004300
19004200
19004200
19004300
19004400
19004100
18004000
19003900
19004000
20004700
18004500
20004200
19004400
20004400
19004200
19004400
19004200
20004500
18004100
19004600
19004100
20004400
18003900
19004500
19004200
19004400
19004000
20004500
19004300
20004500
19004300
19004300
19004200
20004600
19004200
19004200
19004400
19004200
19004300
19004200
18004000
19004200
18004200
19004400
18004000
19004200
19004300
19004300
19004200
18004200
19004200
19004300
19004200
19004400
19004200
19004300
19004300
19004300
19004200
18004000
19004300
19004300
20004500
18004000
19004300
19004400
19004200
19004200
19004300
19004200
19004300
19004200
19004300
19004300
19004300
18004000
18004000
19004300
19004200
19004400
19004300
18003900
19004300
19004400
18003900
18004000
19004300
19004400
19004200
19004300
19004200
19004300
19004300
19004200
19004300
19004300
19004000
19004600
19004300
18003900
19004400
19004300
18003900
18004000
19004200
19004300
19004200
19004200
19004400
18004000
19004300
19004200
19004300
19004200
19004500
19004200
19004300
18004000
20004500
19004500
19004000
19004300
18004100
19004200
18004000
18004200
19004100
19004200
19004400
19004300
18004000
18004000
19004300
18004000
19004300
19004200
19004300
18004100
19004200
19004200
19004300
19004300
19004200
19004300
18004100
19004300
19004200
18004000
18004100
18004000
18004000
19004200
19004600
19004100
18003900
18003900
19004500
18003900
19004400
18004100
18004100
19004200
19004300
18004100
18004100
19004300
19004300
19004200
19004300
18004100
19004300
19004200
19004300
19004100
19004500
19004200
19004300
19004200
18004100
19004200
18004100
19004200
19004400
18004100
19004300
18004000
18004100
19004200
19004100
18004000
19004300
18004100
19004200
19004300
19004300
19004300
18004000
19004200
19004300
19004400
19004200
19004400
19004200
19004200
19004300
19004300
19004200
19004200
18004100
18004200
18004000
19004400
19004200
19004400
19004100
19004300
18004100
19004200
19004300
20004500
19004300
18004000
19004400
19004100
19004500
18003900
19004300
19004300
19004300
18004100
19004300
19004100
18004000
18004200
19004200
19004100
19004400
19004100
19004400
19004300
19004300
19004200
19004200
18004100
18004100
18004000
19004100
18004200
18004200
19004200
19004200
18004200
19004200
19004300
19004300
20004500
19004300
19004100
18004100
19004200
19004400
19004200
19004300
19004300
19004200
19004300
18004100
18004400
19004000
19004200
19004400
18004000
19004200
19004500
19004100
19004400
19004200
19004400
19004100
19004300
18004000
19004500
18003800
19004600
19004100
19004300
19004100
19004300
18004000
19004400
19004200
18004100
19004300
18004200
19004300
18004100
19004300
19004200
19004300
18004000
19004300
18004200
18004000
19004200
18004100
20004500
18004000
19004300
18004200
19004400
19004200
19004300
19004300
19004100
19004400
19004200
18004100
21004600
19004400
19004300
18004000
19004300
19004000
23005400
19004400
19004300
19004200
19004200
19004400
18003900
19004300
19004200
19004400
19004300
27006000
35008000
26005800
18004000
19004300
18004000
19004400
19004200
19004300
19004200
19004400
19004100
18004200
18004100
19004200
19004300
19004300
19003700
19004700
19004500
19004000
19004700
19004100
18004100
18004100
18004200
19004200
18004100
19004300
19004400
19004100
19004300
19004400
18004000
19004100
19004300
19004400
19004200
19004300
19004300
19004200
19004200
19004300
18004000
19004300
19004600
19004100
19004200
19004200
18004000
18004300
18004100
19004200
19004200
19004300
19004300
19004300
19004300
19004200
19004300
18004000
19004400
19004200
19004300
18004000
19004300
19004300
19004200
19004200
19004400
19004300
19004500
19004000
19004300
19004300
19004200
18004200
19003800
19004900
19004200
19004200
19004500
18004000
18004000
19004400
19004200
19004200
18004200
19004200
18004100
18003800
19004200
19004200
19004500
19004100
18004000
19004300
19004400
19004100
18004100
19004300
19004300
18003900
19004300
19004300
18004100
19004200
19004400
19004200
19004300
19004100
19004300
18004100
18004100
19004200
19004300
18004100
19004300
19004200
20004500
19004500
18003900
19004300
19004000
19004300
18004000
19004500
19004000
19004400
19004300
19004200
18004200
20004400
19004300
19004200
18004100
18003900
19004300
19004200
19004300
25005700
27006100
63014100
19004300
19004300
19004200
21004600
20004700
19004100
19004400
20004600
18003900
19004200
19004300
19004400
18004000
25005600
19004400
21004600
19004500
18003900
19003800
18004500
18004100
19003700
19004800
18004000
18003900
19004300
19004200
18004100
19004300
18004000
19004300
20004500
19004300
19004200
19004300
18004000
19004400
18004000
18004000
19004200
19004300
19004400
18003900
19004500
19004200
18004000
19004300
18004000
19004200
19004400
18004000
18004100
18004000
22005000
18003900
19004400
18004100
22005200
24005000
19004300
22004800
20004600
21004800
19004100
19004400
19004100
20004600
19004300
19004200
18004100
19004200
19004300
19004300
20004400
29006800
27005900
27006200
42009400
19004200
19004200
19004400
19004300
19004300
19004300
18004000
19004200
19004300
19004500
19004200
19004200
19004200
19004300
18004100
19004200
19004300
19004300
19004200
19004400
18003900
18004100
19004200
19004400
19004100
19004300
19004300
19004300
19004400
18003800
19004500
19004200
19004200
19004200
19004400
19004200
19004300
19004400
18004000
18004000
18003900
19004400
19004300
18003900
19004300
19004400
19004200
19004300
19004300
18004000
19004300
19004200
19004300
19004400
18003900
19003900
19004600
19004400
18004000
18004300
19004000
19004300
19004400
19004200
19004200
18004100
19004300
19004200
19004300
19004300
19004300
18004100
19004200
19004300
19004200
19004300
18004100
20004400
19004400
19004200
18004000
19004300
19004300
19004400
19004100
19004200
19004300
19004300
19004200
18004200
19004200
19004300
19004200
19004100
20004700
19004400
19004100
19181400
18756100
19660800
18846700
18658700
18674600
19640900
18004000
18004000
18004000
20004500
22004900
22005100
20004000
18592100
20004200
19004100
19004500
18584200
19004100
20004700
20004600
22004700
20004800
18003600
19004400
19004100
19004300
18004100
18004100
20004400
19004200
18004100
18004000
19004400
19004200
19004200
19004300
19004300
19004400
18003900
18004000
18004000
19004400
19004100
19004400
18003900
19004400
19004200
18004000
19004300
19004300
19004300
19004200
18004100
18004100
19004300
19004200
19004300
19004300
19004200
18004100
18004000
19004300
19004400
18003900
18004000
19004300
19004200
19004400
18003900
19004400
19004300
18003900
18004000
19003800
19004600
19004300
19004400
19004300
18004000
19004300
18004000
19004200
19004300
19004400
19004200
19004200
19004300
18004200
19004100
19004300
19004300
19004200
19004400
19004300
19004100
19004300
19004300
19004300
18004000
18004100
19004200
19004300
18004100
18004000
19004400
19004300
19004100
18004100
19004300
19004300
19004200
19004300
18004000
19004400
19004200
18004000
19004300
19004300
19004200
19004300
18004100
19004300
19004200
18004100
19004200
19004300
19004200
19004400
18004100
19004300
19004200
19004300
18004000
19004300
19004300
19004300
19004100
19004300
18004200
19004200
19004200
19004300
19004300
19004200
18004100
19004300
19004200
19003900
19004800
18004000
18004000
19004300
19004300
19004200
19004400
19004200
19004400
18003900
18003800
18004200
18004100
19004300
18004100
19004400
18003900
19004400
19004200
18004000
19004200
19004300
19004300
18004000
19004200
19004300
18004100
19004300
19004200
19004300
19004200
19004300
18004000
19004300
19004300
19004300
19004200
18004000
18004000
19004300
19004200
18004100
19004400
19004200
19004200
19004300
18004000
19004300
19004200
18004100
19004300
19004400
19004200
19004200
19004400
18004000
19004200
19004300
18004000
18004200
18004000
18004000
18004000
18004100
18004000
19004300
18004000
18004100
19004200
18004000
19004300
18004000
19004400
18004000
18004000
18004000
18004100
19004300
19004200
18004100
19004300
18003900
19004300
20004500
19004300
19004300
19004200
18004100
19004300
19004400
18003900
19004200
18004000
18004100
19004200
18004200
19004200
18004000
19004200
18004100
18004100
19004300
19004300
19004200
19004300
18004000
19004300
20004400
19004200
18004100
19004300
19004300
19004100
18004200
18004000
19004300
19004200
18004100
19004200
19004400
19004200
19004300
19004200
18004200
18004000
18004000
18004100
18004200
19004200
19004200
19004400
18003900
19004300
19004200
19004400
19004200
19004300
19004200
19004400
19004300
19004200
19004300
20004400
19004300
19004200
19004300
19004400
19004200
19004300
19004200
19004400
18003900
19004400
19004200
18004300
19004000
19004400
19004200
18004100
19004200
19004500
19004000
19004300
18004100
20004400
18004100
18004200
19004100
18003600
19004800
20004500
18004000
19004300
19004200
19004300
19004400
19004300
19004200
18004000
18004000
19004300
19004300
19004300
19004300
19004300
19004300
19004200
18004300
19004100
18004000
19004300
18004000
19004300
19003800
19004700
19004300
19004300
18004000
