141027150571260106823491484172625373184376504942111872092539148850150690877144591235667144275643393144753666916966049792991852736949749816879458507798643935445748049388764385498714255132637472967305704598108267684716832995220774707397213065149444032887882510453494350780855559738431278136749807114885960396803
97439744633030608163590447799781745266661192059141824543349677906987192326355050541641168539745409980994125057037091220553815624772895522354513004778170292629208298911424797704279362238975755761227026781596072530608977558301268499413186570745965880029690691286100027113589404119131326985703266198833689587683
91492055972721828950731741753988458249724684798231001864711481672452327624503262581506540318512480890876367999880321765688081508841194797328857912509066582406790953514906940106830854270202472401514427090194460202694140739906373475138770604042364354136104030639267270461932226545123875312341639419998823435973
106954714915785481443979606277920035205343350815579932780729189459374655287536934610137503735611410624620296150989016085885796988090231989387686974451923779471121302517304019315608373710775989097499596956842183425484221642901895358467597459328845411091449628784120539112207238901523077610701073846126000521147
176719790745479665489646290005551395371344342323093636053273226683992122049356738221997237586506043655277516610687388646860564595914226342258005448142563908908607895041517433557093146545976718324363016585807240737198739895482366241718293344395558040347121394164183305796307858896273798012991790170705720191333
151084113993846025773119959168997766112008800597818972179277316936825383479978215183352022281673681112191850500161016874699405637362337539631985300919400950708620367757488304580159605358267983774610818409768287142124801772611793113758012189931928345942239017545726024248110757901479226701894181784110784770733
140040191164381140955713253640677920824021650800087988322540823461768479466666878795522213028681464724475995353808264010378406559186716008345189318235445224458094447485862552608725474318514945632815670040534659582218980363998118909757008978956599451286398854742144289267741958213044060154592984317390229747137
133143707822467538898233139143377932834848572154621978706478100409502837690738632880922744389451952637846959380225095118442044264574492293306969014978239963796104159324985227929967724953282171466095803288441064536543635719851152581423897662469430056661584251055605090022260918954333466732065771487701544934753
141911303496966357140610156313845930060180717922885319498278972928212206577023014429625746453710254373724977903414648686543406699366040025049941529541740734429171195680883640099531567276181510543667392204189762957328848906316422068285149530675257918331490358365037890451652199108450311827442988317528940560041
102017187915240155528685298186192505444074969847497720182176948792324601347940647550244496182546056416293123059266962237099079081963943219106081829791189344363312131170148325348164318661994502788577764265798224830979442293589516207619512211036398701638531243944600519567164625985142460686025346953076276700519
127929149316648700355958247607811308212533482164180910958973354851331727217562784812698161402387831279881528253790754995611197824174049941890154851419174925772843069978871695843231615807877070626536469953230066829790924828247956115508520728392152729270221632373373852906534546120505210192754108038361129947147
162195162505689311890407630879569700145046354109071534402724785510304990764599382609296713436609100829574836162096357287060695621954933392613168816725740087763966707566291851572509592266190516343186064649785226941057319506629510827653308887199797635166500735268818435674773806342817059090975807818960495988309
135115189767976338663107510989952120811506669248292848414053104984440483277884818615699274785875115201407592124548632202651163905398240539885556982265338605523235095561582860253948442158255721073479841035582897313635841738073410514782547620402036731831323688123630560707603327950472137720322337446991336265201
146371475823205303606643272348980489255741910129356659825339783702717909858281593099729523456264008301185326675646139520404932683757329022929524582146440212495104714426057790541374311663602822782263596347280946151302439866527168148415258776628172192084869137324757787103957706947443355001628518750895192622001
159883543542095992429953752055327633848158652571876371192296886006159156963172942351909899547969105621238413980298749767901897603812824193545299482876089800622995684973686434702312414319104442997235726879220828668740158745492876616385935482583024774372546871903504785960652418733362168095497776895121667355231
152327863008794130564082166010855967935253570716646443671713282708289857640655928673224169488823969542557042713955124477971832552306271938413134248361391350490362231297750961989190875505645814613298258848167615308403433581184630399467300216896221647910204955438176028811861712930928413558307826899160778672537
101252832558880814179826095361049619477420956120953779111934054313997484519814406207823960008326660367426029395000626352254803510642161195704832531944047543531019973769393544941234114487759074885089329703425091251953477788105100913761556372842505336277546273198607666592705868813623045750142147981299984984679
127135273712708967623712679875883357921727865658896832926295022638052585250544941414561080383072545113096914869813915783476911373534419035769395697926121818677767504773632188366671565957415763711918623664511430069279529953103524315300512876222096391561116197048045681477593549658800820510707036539611482806973
114947415212303743186979139369547996839019900192465358337968989407714692657041250166574549425410604413688155060442394024950931550678809986841729281812719340390361467370362045758487073203398940024758734703338447523102420076467344527499167410095793940082008135764895511994400548520724566932745994385016436385567
129107368660811406302204349821016020771543520256578481356486171629596432256514329876132354076995955729670655803785540155753408360161462812372120514343268188700313813299840829623987118662742931620790086167244776466962375933235379141948046627330086029678996870710206767971926787163209434618219999768299811397691
112614452579316282998927211306559312467636100662200839807714204984955175280391702067044308655871072836183285340058532200411538509458007920565766412920663700068409361076566966579483860705774196822335788792141806688018688882446123021373074374589208039743245666774794207448894040692893470780719346066435074377091
152031772310612728354681585252545116177479690159821555852686353955921733456497924352212080783683789398916295590132183813222376440237279149858788431487848826495822712730510656060441155288218239695384949300278288234649930832902180349317829471449312265805810965247852515737231751552016992381735696522491845157467
141817492669798252068073994359591716912615275829214832708119707435884016562114666697838119689107405841431134373404777779826930581043041034252422723264700566096791067764169929842628093482957020507016565851597257490915076925042564985554162338035688973341867505794622492602133740939262942107417373947598951860943
173005975815780124881080187304237032725533833846741327350315005178381153565563924142958200030759399671159310497219051120467625480814598480421378923842742350746627374582876184042670561921578159462996712528010818117289727830206072127616342897776980451874196431813792510905895695839337116771640918361215422997727
176170582064166834318727276055414669648273711935478338461637864954345218837526842627429005862675342656148467335401370852572722765929250090562232023088752217550381838420047821269156396002437924977881352654388661789270259199096254184813186948898676030030533059175770718472107650744353060686236255912281353700337
108712357590643880398538358298871284972377802986279282013565056673996765014724231382466707892478406157054524283058805179645510609177812828496094769266296135613577971225801945845659751616948792489158783329200094767480140939100062375795237681827293265852818054158727046171263938319957547496272971955351762868111
139496819205061116175113098595350020412677811779809814038357351749760628155042934368476663988069365209622564561956767908063022177178051155192587652045215777953722246985682726545441891534440682617190076963407129306864265934216038841168548708069301205656327017918345037935938083472326081373280062209077939021069
177591926373638579788838581811935450160496005340481301296704818072046545557894247595237049511000026142984143154417155224212477274117546880351710915876800726960211787379752473097312921305277409372055953257726212535046661830358019465877178669876833918165140292580578887306430948211831187209777477174615737521397
171252987891109514784884833733580674539791596273969179080401775207833742200574893138242749394585527922912137846225836067670676498050524144965253340040911239322318194228605675651564618516098304764525327640518510284653608721360699540475393161315185377939743287196012786275132443857620883597098708804320019979429
164334506852116553160501348242087911539759396225661552068143005990997622775009440697375229511080506656822240410253073986101197335603901737098115743490180152023281173514237081062807118099802735162073132362234601211453540705448352213263578513130633654054827024887873791411955478730389481143078888081013328884657
178768299536023424613704629557140839180221796097436319327759722427826141493251939286472517101177971962782396062788917976482722951022867881344385567172645317242191710448879939941884267904373243738510965827056965609045706356744363230256258656243764273215381197914894075557294500209748326553032038839089408576247
91542620834482484688281634204857149491431998147268953682196610197227192898022461726413935942271931106601754029907239983960709676010663476628777995338454654003215732047191845440700849719397574870092022890780474104982002502411607423887869028620289572382487197896563457817744043179620105199678826245510580196397
128459820326116989151484912653628614131335744603370124290863431535725058843795579867569907759054443172451508341355670949290023355126133330030171526999024255192111851350827106671962998195347350485857915493854770959915898242785816143392323037491158288576011464843634688145330567793887831426842384953296495214747
149583965631356076268548584601393063457427400511241853474583851239410038167308295471296513443560763183613442732646494204343527290656412839128954479626077228983472092155930506736501263796209197174573826708201762451234938404216378575032191716232290180054642318893613625203133946092756886022145616130802859882047
174713010690229996192422925428865672108051963464570247352786366543142001075694604337005181011086743647288883193263944502925390566780438286768766941041282201506046930461449828323819852290277794665669765125654312538326348448626041733525651225805026502942211732524852889735907887105730335853484407350657201635303
157748958956076771796564262690750130186072966245936825214720146376552640552274180373396981709132668320271847769605592729806916586713310188293464863775537650636551567042086441214853877478962690655063831231523242686123089677426409458643547482978424998453206202109386721936455958625465232510722004883737593185739
99343357007075304880446564347916375887154489627270369502412920786024974655059216932847539841746855168527123403104362636592285388090305452195766752810715702084181193512881742965225286009644583159059244868468637868385714923228872699717764070106255405421380481689592357316053643707494506951278809224864903491841
144888849110370097423817618941354962809562293885261093290604584945855571621252380786880745005343404426360405387583158362821213062906203297095211702384304757737967920049497315473932377673460060387020422453282396062528152979360694274932847590522912976360346827518487833387911654083200990748311143412733640124243
156675119962239755364747794323076819697136240278026604949981126066958100571089544767222292639555643794943251147487572705591007958262366089796890245283827678800404603191887791196398060821965888234945659509540835573050021023549481923496116227962816512470621321090157897903264212902373843227170931524675620379609
156964709422074225785298414511678941038859104955668948689399541498832938071382034104007583043786790258678408074930311886769720429289806201672116137529599590916279821248623915592526667626427722571582334085663563704148650073964795460195325979004278047156510941727607033269965581582447465837485149707151646417797
179499625603218597157799948503013267144578434529742774362309477509137810757422215876053208356110041962653981682271100938127504790987477649966799253289014994730894645880508437423786092533134474885461112127010093925311139501842951492324330595658058841569126616960938859329423178896369750187781621495174363002577
156822138289315596752843067598708738935141078368781766440406706287283445393537555446059127443336643126600865700108674196828148100804440450124299521928775467591454954940359614942429401795685444168416835779119711993472908449995675465988474447637879455241338387519111340956297500750040836090047485373812355657373
163502168318360252762395274336758974487409289492111472274484189181510448363253556100921982440955584860960485708617594406002450359935055125238971669820736128475353199279793419451142307059111798214050903779802921410270521883339448872333444154750721268717749305327329542172724758713855447359599939890287271636179
94317457952317209089769387277130436979820824544827172847713329652772114350938318606892067624960354016115365869060279909967629169420378027287032495947776457395566469396760440534367572209838599960120600748260490170321709251789484050107045449457528174295120280633180320193311732529802310670550429785114799389823
94623134211216606524068601146735361484600145228494361205025524572599837938653211293135023380312937708251291708871038834457551446269355898813272571175535827973457841112580180994653614280175006730611799865348117967071315560277399241605626974259722297689655106383535357421770979450237974527460705646547054027353
130026381949299602065104062080600958670666722103147042356299039047551197841069672075799466214773753490341126841441536398439370373173104004575065820524145674203187588333387236070825011420220695554563368505767541581603060469395316373660609361708492825899229217648365630593737578077461661012267204516690233188671
