280928615360340011691055928857771027759
322702887156081965214151049296545724183
332552144011841287859026911863705639921
247204310573643857759037879084233926783
322601366147953984588132716359255844107
200916199530764523137511106537107069653
184420583390506280906526735643971448991
324196169280411602264450534437162226737
301919430481936098406017418867895934913
181731948292277960087596431398206159751
187174277988734059599995003978927479459
251942137983408028913791196370877735189
259855798668337494416128779308558848741
242122667058596317877891070281316549889
280606559424053942826442539658408489451
244706306711310923817529079429929553903
286656788612601105980985266808726745421
292692303998676477386572230014059941491
254422100590339542418746357402506394857
188634111997267270605901543781069582747
318085341245654891487465737843843321453
268895335970945863329377001521811010537
261278106746356704946337505992384844989
235454087062665534322034864720966328811
230951677952878998297247812312685171889
176607088076154255121418146137518921621
319847424568000902833582610350208682829
253576993853407293076116372079928853023
190630720514159741883567454121238018421
273766995411511963394631951381310325503
304528089296071992497629268324801114113
311213088373674416775136688603696956181
325285664330910739835629092545095900873
174167029254745366476945934836389896621
318648042520394346851653977930962316697
212367396530886479960953525335388915913
316119782885585190252532913369579190611
332112512862558853851236311792191465371
307938684799316251051877826231042822281
219712394048294697830488054588643417851
253140313397970781281585127722249888287
253546044529883477193854827182908161429
291291630053401571375291903353852521479
262727858790423629737032979641568349369
254899169663097037183342957967948344309
314504574944649678452816663155401400387
