33007400
33007400
32007200
32007200
33007400
32007300
32006700
33007800
32007200
33007400
32007200
32007300
33007500
32007100
33007400
33007300
33007600
32007100
33007500
32007200
33007600
33007300
33007400
32007300
33007500
33007400
32007100
32007100
32007200
34007500
32007200
33007400
33007500
32007200
33007400
33007400
32007200
33007400
33007600
32007200
32007300
33007400
32007100
32007200
33007400
33007600
33007300
33007500
33007400
33007400
33007300
32007200
33007500
33007400
32007300
33007400
33007300
32007200
32007300
33007400
33007400
32007200
33007500
32007300
33007400
32007200
32007200
33007400
34007600
32007200
33007400
32007300
33007400
33007400
33007300
33007600
33007300
33007500
32007200
33007600
33007300
32007100
33007400
33007400
32007400
32007200
32007200
33007400
33007400
34007600
33007500
33007400
33007300
33007500
33007400
32007200
34007700
32007300
32007200
34007600
33007500
33007400
33007800
33007100
33007400
34007500
32007300
32007100
32007200
33007300
32007300
32007200
32007200
32007200
32007100
33007500
33007400
33007400
33007500
33007400
33007400
33007400
33007600
33007400
33007400
33007400
33007400
32007100
32007200
32007300
32007100
34007800
33007300
33007400
33007400
33007500
32007200
32007200
33007400
32007300
32007200
33007400
34007700
40009100
41009200
40009200
37008100
34007600
37008400
32007100
32007200
34007600
32007300
32007100
33007400
32007200
32007300
32007400
33007200
33007400
33007500
33007300
33007500
35007800
32007200
33007400
32007300
33007400
32007100
33007500
32007300
32007100
32007200
33007400
32007400
32007200
32007300
32007100
33007500
33007400
32007100
32007300
35007800
32007200
32007200
33007400
34007700
32007100
33007500
32007200
33007700
33007100
33007500
32007100
32007200
33007400
32007300
33007400
33007400
33007400
33007400
32007100
33007400
34007700
33007400
32007200
32006900
33007700
33007500
33007400
32007100
32007100
32007200
32007200
33007500
33007400
34007600
33007500
33007400
33007400
33007400
33007400
34007500
33007500
33007600
33007300
33007400
33007500
33007400
33007500
33007400
33007400
33007400
33007500
33007400
33007400
34008000
36007700
33007500
34007500
33007500
33007300
33007500
33007500
33007200
33007400
33007500
33007400
33007400
33007400
33007400
33007500
33006800
32007800
33007500
33007400
32007100
33007500
33007400
33007400
32007300
33007400
33007300
32007200
32007300
33007600
33006900
33007300
32007200
33007400
33007400
33007500
32007200
33007400
33007500
32007100
33007400
33007600
33007400
32007100
32007100
32007200
33007300
33007500
32007200
32007200
32007200
32007200
32007200
33007300
32007300
33007400
32007300
33007300
33007400
32007200
32007300
33007400
32007100
32007100
32007200
33007400
33007400
33007500
33007400
33007400
33007600
33007300
32007000
32007100
32007200
33007400
33007500
33007400
33007800
33007200
33007300
33007300
33007300
33007600
33007400
33007300
32007300
32007100
32007300
33007300
32007200
32007200
31007000
32007100
32007200
32007400
32007200
32007100
32007200
32007300
33007400
32007200
32007200
33007400
33007400
34007200
40008900
34007600
33007500
35007700
35008000
32007100
32007300
32007100
32007300
32007100
32007100
33007500
32007300
33007400
32007100
33007400
33007500
32007100
32007200
31006900
32007100
32007600
33007000
32007200
32007100
32007300
33007400
34007600
36008200
33007400
32007100
32007200
33007700
33007200
33007500
32007100
33007400
33007600
32007100
32007100
32007200
31006900
31007000
32007300
33007300
32007300
32007100
32007300
33007400
33007300
32007100
32007200
33007500
33007400
32007200
33007400
33007400
32007100
32007400
32007000
31006800
31006900
32007400
32007100
32007200
33007400
32007300
33007400
32007100
33007400
32007300
32007200
32007200
32007400
32007100
33007500
32007100
32007300
35007800
33007400
33007400
32007100
33007400
33007500
33007600
33007300
33007400
33007400
33007400
33007400
32007200
32007100
32007200
33007500
33007400
32007200
33007300
33007500
33007500
33007300
32007200
32007300
33007300
33007500
32007200
32007200
32007200
33007400
32007200
33007500
33007300
32007200
32007200
32007300
32007200
33007400
33007400
33007400
33007500
32007200
32007200
33007300
32007200
32007200
33007300
33007500
32007300
32007200
32007200
33007500
32007100
33007400
33007500
32007100
33007500
33007400
33007400
32007200
33007500
32007500
32006900
32006900
33007500
32007500
32006900
33007400
32007200
32007300
32007200
33007500
33007200
32007300
33007500
33007300
33007500
32007300
32007300
32007300
33007200
32007300
33007400
32007100
32007200
32007200
33007300
33007600
33007300
33007500
34007700
32007100
33007500
33007300
33007500
33007300
33007500
33007400
33007500
33007400
33007400
32007300
33007400
33007400
34007600
33007500
33007400
34007600
33007500
33007400
33007400
33007400
33007400
32007100
32007200
32007100
33007500
33007400
33007400
33007500
32007100
33007400
33007400
33007500
32007100
32007200
33007400
33007500
32007100
32007200
32007400
33007300
32007200
33007400
33007500
33007300
33007400
33007500
32007200
32007200
32007200
32007200
32007300
33007300
32007200
32007200
32007200
35007800
32007300
33007400
32007100
33007400
32007300
33007400
32007200
32007200
32007100
32007300
32007300
32007100
32007200
32007200
32007100
32007300
32007100
33007400
32007300
32007300
32007200
35007600
33007600
34007700
32007300
33007800
33007200
32007300
32007100
32007200
32007200
33007500
33007500
32007200
34007700
32007100
33007400
33006900
33007800
33007500
32007400
32007300
33007300
33007500
33007400
33007400
33007400
33007300
33007600
33007300
33007500
33007500
33007400
33007200
33007500
33007500
33007400
33006800
33008000
33007400
33007400
33007600
33007300
33007400
33007400
33007400
33007500
32007200
32007300
33007300
33007400
33007500
34007700
33007300
33007500
33007300
33007400
33007500
34007700
33007300
32007200
33007500
33007500
33007400
33007400
33007400
33007400
33007400
33007400
33007400
32007300
33007400
32007100
33007500
32007200
33007400
32007200
32007100
32007100
33007400
32007300
32007200
33007300
33007500
32007200
32007200
33007500
32007200
32007100
33007400
32007300
32007200
32007200
32007100
33007600
33007300
32007200
34007700
32007200
33007400
33007500
33007500
33007400
33007300
33007600
33007200
34007700
33007500
34007600
33007400
33007600
33007300
32007200
32007200
33007400
33007700
32007100
33007500
33007500
33007400
33007400
33007300
33007500
32007100
33007500
32007300
32007100
32007100
32007300
32007200
32007200
32007100
33007500
33007000
32007600
33007400
32007100
32007300
32007100
32007200
33007500
32007200
32007100
32007200
32007200
33007600
32007100
32007100
33007400
33007500
33007300
32007300
32007200
33007500
33007300
33007400
33007400
33007400
33007400
33007500
33007500
32007200
32007200
33007400
33007400
33007500
32007100
33007500
32007100
33007500
33007300
33007500
33007400
32007300
33007300
32007200
32007200
33007400
33007400
33007500
33007500
33007400
33007400
33007500
32007000
32007300
32007200
33007400
32007200
33007400
32007300
32007300
32007100
34007700
32007200
35007800
33007400
33007500
32007200
33007500
34007700
33007400
34007600
33007400
33007400
33007400
33007600
33007400
32007100
33007400
33007400
33007700
33007500
33007300
32007200
33007400
32007300
33007300
33007500
32007200
33007400
33007400
32007200
33007600
33007400
32007200
32007100
32007200
32007100
32007300
32007200
33007400
32007200
32007300
32007300
32007300
33007200
33007500
33007400
32007300
33007400
33007500
32006900
32007100
32007200
33007400
33007400
32007300
33007400
32007200
33007400
32007300
32007300
32007100
32007200
32007200
33007400
32007200
33007400
32007200
32007200
32007100
32007100
33007500
33007300
33007500
32007100
32007200
33007600
34007600
33006800
37008600
33007200
33007500
32007200
33007400
32007300
33007300
33007500
33007400
32007200
33007400
32007200
33007400
32007100
32007200
32007200
33007700
32006900
32007200
32007300
32007200
34007100
34008200
33007300
33007400
33007500
33007400
32007200
33007300
33007100
32007200
33007800
32006700
33007400
33007400
33007500
33006900
32007200
32007200
32007100
33007500
34007800
34007000
33007800
33138000
34007400
33007600
32007000
33007600
33007400
33007400
33007300
32007300
33007400
33007500
33007300
33007500
33007400
33007500
34007600
34007600
33007300
32007200
32007100
33007300
33007300
33007500
33007400
32007200
32007300
32007100
34007700
33007400
33007400
33007400
32007200
33007500
32007200
32007100
32007100
32007300
32007400
32007100
33007500
33007400
33007200
38009000
33007300
32007100
33007400
33007500
33007300
32007200
32007100
32007200
32007400
32007100
32007200
32007200
33007500
32007100
32007100
32007200
33007500
32007300
33007400
32007100
32007200
35008100
33007200
34008000
33007000
33007500
33007500
35007800
38008600
32006700
38008700
32007400
33007600
33007400
32007000
33007400
33007300
34007700
35008000
36007500
40009500
36008100
34007600
33007700
32007000
31006800
32007300
32007300
32007100
32007200
32007200
32007100
32007200
32007400
33007400
32007300
32007300
32007100
32007200
32007200
33007400
33007400
32007200
32007100
34007500
32007200
33007700
33007200
32007100
33007500
32007300
33007300
33007500
33007300
33007500
32007100
33007500
32007200
33007800
32006300
32007100
32007200
32007800
32007300
32007100
33007500
32007200
33007500
33007400
