58013100
58013000
58013000
57012800
58013000
57012800
58012900
58013200
59013300
58012900
59013300
58013100
58013100
58013100
57012700
58013100
57012600
58013400
58012900
59013000
58013000
57012900
59013200
58013100
61013700
60013500
59013200
58013100
59012900
58013400
59013300
59013400
58013000
57013000
57012700
58012900
60013700
58012900
58013100
58013000
58013100
58013000
57012800
58013000
57012700
57013000
58012900
58013100
58013200
58013000
58012800
58013000
58013100
58013100
59013200
58013100
57012900
58012900
59013300
57012800
59013300
58013000
58013100
59013300
58012900
58013100
57012900
57012800
58013000
56012600
58013000
59013300
58013000
58013100
57012800
58013000
57012900
58013100
57012800
59013300
58012900
57013000
58013000
57012800
58013200
58012900
59013300
57012900
58013100
58013100
58013000
58013000
58013000
58013100
59013200
58013100
61013600
58013100
58013000
58013200
59013300
58013000
58013000
57012800
59013300
58013300
58012800
58013100
58013000
57012900
58012800
59013300
57012700
57012900
58013000
57012800
59013400
58013000
58013100
58012900
57012800
58012900
58013000
57012600
60013600
57012800
59013200
58013100
58013000
58013000
58013000
58013100
59013300
58013000
58013100
57012800
58013000
57013000
57012700
58013100
57012800
58013100
58013100
57012800
58013000
57012700
59013400
58013600
57012200
61013600
58013200
59013100
57012800
57012900
58013000
58013000
58013100
58013100
57012800
58013100
57012800
58013000
57012700
58013000
58013100
59013300
58012900
58013200
58012900
58013100
58013000
59013300
58013000
59013400
57012700
57012900
57012900
58013200
58012900
58013100
57012900
58013000
59013200
57012900
58013000
58012900
58013100
58013000
57012900
57012700
58013100
58013400
59012900
58013200
58013100
58012900
57012800
67015100
58013000
58013100
58012900
58013000
58013100
58013000
58013200
58012900
58013100
59013200
58013100
58013000
58013200
58012900
57012900
59013200
58013000
58013100
58013100
59013200
59013100
58954100
58036200
58013200
58277500
58013100
59013200
57682500
59013300
58013000
57012900
58013000
58012900
59013400
57012900
57013200
57012500
58013100
56012600
57012900
57012800
57012800
58013000
57013000
57012700
61013800
59013200
57012700
57012800
57012800
59013400
58012900
59013300
57012800
58013100
58013100
57012700
58013100
57012800
58013100
56012500
57012600
58013100
60013500
57012600
58013000
58013300
57012600
59013300
58013000
59013100
58013100
58012300
58013000
58013100
58013100
58013100
58013000
58013100
58012900
58013100
58013000
58013100
57012800
58013000
58013200
58013000
58013100
58013000
57012800
58013100
57012800
58013200
58012900
57012900
58013000
58013100
59013200
57012900
58013000
57012900
57012700
58012800
59013400
58013000
58013000
57012800
58013000
58013000
57012900
59013200
58013100
59013200
57012800
58013100
57621500
58102800
58116700
57878200
59499700
58013100
57012900
59013400
60013700
60013400
59013100
59685500
57652200
59642900
59005800
57013100
58013200
58012900
59013200
57012700
59013600
57012600
59013200
57012700
58013200
57012900
58013200
57012600
57012900
58013000
57013000
61013600
58012900
66014900
58013100
58167100
63342900
63014400
67014800
70015700
58013000
57012900
58013000
58013000
57013100
58013100
58012900
57012800
58517100
58013100
58013100
58013000
56012600
57012900
58013000
56013000
56012500
58013100
57012900
58012900
57013100
61013500
57013000
58013300
65014600
58012500
66015000
63014000
64014500
58013000
57012900
58013000
58013200
58012900
56012800
63351200
62620900
65013900
57013800
58012700
62013900
70015800
61013600
57012900
59013200
59013200
58013100
57012700
58013100
58013000
58013200
57012700
58013100
58013300
58012900
58013200
58013000
58013200
58013100
57012800
58013000
58013000
58013000
57012900
59013500
59013100
59013000
58559900
58978300
58018500
58658400
57342800
58289500
59040200
57685200
61312900
57295900
63717700
57936200
59491900
59013100
60013600
63014200
59547500
58421600
58013400
58486500
59013300
57012700
57012600
58013500
59013100
57013000
58013100
58012800
57012900
58013000
58013100
58013000
58013100
58013000
59013200
58013200
58013000
58013100
58013000
59013300
58013100
61013500
57013000
58013300
58013100
59013200
58013000
57013200
58012200
59014100
57012600
58012900
58013100
57012700
59013600
57012700
59013300
58012900
58013200
58012900
59013300
57012800
57012900
57012900
58013100
57012700
58013000
57013000
58012600
58013500
58012400
57013400
58013000
57012800
58013200
57012800
57012700
58013000
57012600
59013400
59013600
60013300
58013500
66014200
62254900
57586800
58276600
64010400
58013500
57012800
58013300
57012500
61013800
60974000
58012800
58013300
62013600
59013600
59012900
58013000
58013200
59013100
58013100
57012800
58013100
60016400
61392800
58975800
59648700
58300200
59259200
59809200
58355900
57868600
58604000
58318400
59026700
59013400
59013500
58289600
58604200
59078300
60741100
60009700
58613000
61013800
59013300
57882000
57405600
59013300
58013100
58012900
58013100
57013000
58012900
59013300
59013300
59013300
58013000
58013100
59013200
58013200
58013000
58013100
58013000
58013100
57013300
59013300
59013100
59013300
58013200
58012900
57012300
57013100
57012900
58013100
59013400
63014000
58013100
57012700
58013200
58013100
58013000
57012700
58013100
56012600
58013000
58013200
57012700
57012800
56012700
57012700
56012600
58013100
57012800
58012900
58013100
57012800
58013000
58013100
59013200
58013000
60013500
58013100
57012700
58013000
57012800
57012900
57012800
57013000
57012700
57012800
57012900
58013100
58013100
58013000
57012900
57012700
56012600
57012800
58013000
58013000
61013800
57013000
58012900
59013300
57012700
57012700
57012800
58013100
57012800
58013000
58013000
58013100
57012700
57012700
57012800
57012900
57013000
68015000
58013000
58013200
58012800
59013400
57012900
58013000
58013300
57459000
57012800
58013300
58173700
59077000
57996300
58012900
57012800
58013100
57012800
58013000
58013100
59013200
58013100
58013000
58013100
59013200
58013000
57013200
59012900
59013300
58013100
58013100
58012900
58013100
59013200
58013000
58013100
58013100
58013100
57012700
58013200
58013000
58013000
57012800
58013100
58013000
59013300
58013000
57012900
58012900
58013000
58013100
57012900
58012900
58013000
58013000
59013300
57012700
56012500
58013000
58013000
59013400
57012700
57013000
58013000
58013000
57012800
57012800
57012800
58013100
57012700
58013100
57012700
58013100
57012800
57012800
58013100
58013000
57012900
62014100
58013000
58013000
58013000
58013100
57012700
57013100
58012900
57012700
57013000
58012900
57012800
59013400
62013800
57012800
59013300
59013300
58013000
58013200
57012800
58013000
59013200
58013100
57012800
57012700
58013200
57012800
58013100
58013100
58013000
59013200
57012800
57012800
58013000
57012900
59013200
57013000
58012800
57012900
59013200
59013400
59013300
58012900
58013100
58013100
57012800
57012800
56012700
57012900
59013400
58013100
57012600
58013000
57012800
59013000
59013600
58013000
58013000
58013000
58013100
59013200
58013100
58013000
58013000
57012800
58013000
58013000
58013100
58013100
58013100
58013000
58013100
57012900
59013200
59013200
58013100
58012900
57012800
58013000
57012600
59013300
58013000
58013100
58013100
59013200
57012800
57012800
59013200
57013000
58013100
58012800
57012900
58013200
59013100
57012900
58013000
57012700
58012900
58013000
59013300
58013100
58013100
58013000
59013300
59013200
58013100
58013000
58013300
59013000
59013300
59013300
57012800
57012800
58013100
57012900
59013100
57013000
58013000
57012700
58013100
58013000
59013300
57012900
58013000
58013200
59013100
58013100
58013100
58013000
57012900
58013200
58012800
57012800
58013100
57012700
58013200
58013000
59013200
58013100
58013000
60013400
58013200
59013200
57012900
56012600
57012800
57012800
57012500
57012900
57012800
56012500
56012500
58013100
58013000
57012900
58012900
57012900
58013000
59013300
58013100
58013000
57012900
57012900
59013300
58012900
57013100
57012700
59013400
57012700
58012800
59013400
57012700
57012600
58012900
58013400
58012900
57012700
57012800
57012900
59013200
58013000
58013100
58013000
59013300
59013200
58013200
58012900
57012900
58013100
57012900
58013000
59013400
59013300
58012900
58013000
58013100
57012800
58013200
57012800
58013100
58013000
57012900
57012700
57012900
57012900
58012900
57012900
57012500
61013800
60013300
58013200
58013100
57012700
58013200
58012900
57012800
57012800
58013100
57012800
57013100
58012900
58013000
58013100
58012900
58013000
58013500
57012600
58012900
57012800
58013100
59013100
60013500
58013200
58012900
57012800
57012800
58013100
58013000
58013100
57012700
60013500
58013100
58013100
58013000
59013300
57012800
57012700
58013000
57012700
59012800
58013500
57012800
58013100
57012800
58013100
58013200
58013000
58013100
58012900
59013300
58013000
59013200
59013200
58013200
58013100
58013000
57012900
57012800
59013500
64014100
58013100
57012700
59013300
58013100
57012900
58013100
58012900
58013100
58012900
58013200
57012700
59013300
58013000
59013400
58012900
58013100
58013000
58013000
58013100
57012800
57012800
56012600
57012700
58013100
56012700
57013000
57012600
57012700
58013100
57013100
59013100
66014900
57012800
58013100
59013300
56012500
57012800
56012600
58012900
57012900
56012600
56012600
58013100
57012800
57012800
56012600
57012800
58013200
