2045054378397077800064728241700388170778919337499279539820045891446411412722048148618436297953658478541973119192946356095940484483696455362042246859441708253893080398896116252761442142744771342529538958415470093948963560133513392716047057661383416265242930604131258901316641181478378055440619469500752450894151495186344820472228404762230176754094742824474062501282318333850297329956215765123965395547081706462162229610980992571768033162717956483717467223029550831
1637348256992891164536834458609655138511801477220093468982067500758265270558096820458036312576574321845138382893416900246680850476228813343845972514094480754777291166122327439023685090006249624728315538783581726050439282472757075992550980648484809486492307383641609066463910325051713594766548767824758368414284760562503325666880443941535609691885103393020724408883469038722954659366665733490283641075079035105514888857140939352308183515015873176140877338375384247
1599429488678809184732157424886284495693309919858357424146072850779390745820221967514168573854111461918147346793765431584711454509960011355709802197421591395809174848824397924961803616692032041188946967875429035018105637043622332590243636795950095087422894716479422586291314230096451447450036084980522071564745711519176900920687178563689842016408173013646818092737498458422428556929725667078622232092266717233758704616510856396271859045006136813830220010493994093
1276951947157058307181522175065351389620873555446801041259793025124719932213545261140532034358969527357764360353891118530378876422488876784326089970924985999116530044616720419708110401048137195405032054646294778673981781646678348389489517943165349949185945630252726946374058711379952105079991258675580426716017505953677912616090115691375410613117811115867158944098375812118334681199896063056260586800966247610208276814052326504004587388596906272464085752938655779
2375349807368662691637036543987648039333566188002900376679298659697513274927327305132033768900288953644378522713822423524303350886030426768689286788197146896063289629271037903413644182361235623989026199694083297405598629442640037308442542292320335273329509776246311638991643736926304362518054021940105032915565536512440840536105792369038463028776136317796378362113000796099477446656323749955043810142364996780320084597823253659346151098060938210281873332885405739
1998386719064651816893378413336904539418149130768029708805533308315480081226716276868738441949815755008376325007761077175835055602809650651860861518426379578415115539304475914638877387342258633030095490624727103242136422226247041104506575242890939459502040725488994122854428187383735123542847823768218023397346080056268430253631852480058334975148207105801536941736094119363866920397167507912788910591763713245054477860413733252604182069486532571582409992299650019
1411436176587247882305434447202519577008451882419960074710574924864824489797994859984492004708677389525066022805171216166854792193886098223213800354051472084335396818125612166653284773199213063162037021031828072123208957973900847385967407053563823944959798859566267505450498378996642106077518574204827373122804142771398206193546561645685463832417999354472972679866100243636165926078898464173684358946996896761332949515347787285204037142950869725200744180185161743
1526670801811317226563282660428219716660928729914752381830667452431514801796007754372905950805937017060797754129192553855377330995909961061800793766014467815214816484719371308392867574250602479887940013255729549905377977343435087758249326109893511891977120650922502015307350211983759817151298689177005177466376203615711498899922503657335030930412458395089622770872302719310020365690628476163020194042292319728631503980383076327885685868583445646234431657023829407
1467351599070861416801881867253181980966162105327599433382947380000642842276393033201628477355426520146168322233193155635604303624375779911924909529177223773463501317661416757715015306474906470878782758567479788795659902656087383944403023114010303135442036570789924436158997941075965859841172466045563498377377211696523194301507343795390750024012962369024163037077300677318089163572197552060958263431776959972607700284292418291520232195809349744179557630207020743
1612342437800537066657572987881947243651351509446292988046849047680240449140967894558252672854718719903055325803347656593571946350192288014639058695794757363008588697927543469131576569358470729998776493801010636819039285107868300622030886591577585283719887315074300032732858557203555370866508294953564955012193740403263310934092100477168364989925988689607844533699470585227012986720942350615518025299362324377195565154504636700288007397782428014378815542162387853
1605350816238063748035738896775061277142564547824854672529471916105831179296221281745520314149977677672109895795164700892563904829338981321673506528126566573883949172373107898937701040521733790639439168156982175751277720176724280237095752563619374676298357282540313049817134816166041810275233129808570624576232239078884288208495422684974430779233043071352633151431655316243715516294193447269962017926504772442017730381973325874378576813822576897009338586114536833
2327614630855580430940034340908912891694841149591005945868357661504568573025698313964166663584635313086083324616125935725001704719904625130919197009929340443803431985304914540951902216117988545889097814751798477631928633244560344733491075980156879862401991390165701783053585442129201978522048827480133699819209665694919931424601961840968436845239194417943387238722551455679507195590304588320582602146186245923219681959242351294720990097986551896307935408319818889
1792344066067941770857276799864730657448436169088399338950529419679002727574395505040160391132134371353386126144272598237976708063254029044887574076917158836703735400277338888172439971718691043709223284364118004527576565273704892161139639655521510184107883701307142341255571663115021426880903881664601639568252325440062718819390664270409930902067508053122363680314893882205115491855444174606644969011152744219420404512249959912838511515905752852575030353878618279
1772430575734170621068608047522316030929450888395441547168681727073128893090163793289587118954742827783897659788638816198272351559945347506223943768676827283703366241434123133867392534993243894916239717715239081225518180275138868565191444887616432197165324989214829299610879840187403729626270286370851717693316457057508625604838811690994026860836147004609442606944816632586786514899822085676379050787946701754287821514347144735801076529743778988412758375827136021
1263381329322445466765024530821151416922698291487192669328891285867654218819601921187877937200894831413341987665731954722580236341805322673386691324565430784670534259130092872012276760459746790398582066377484124150805002945654028493886732671631500588572203406975491752029397983181809557730041242910115885750765839540186292224742456176529337052764774451581010228568278357445996036030399124155591006633621651329455749454749754281972494885743601137989324213776491987
2281558926258449840051769255720629095071894010754076277921422455962545460308667277148132985300849414127176131694378250985082492599557349495362878696381323964356830250636320803591335205796351436261482321389810233359728913203588233273327550889336748297580356341030317564325514033165250030182847250785314180240915589550054007282528297070267792910881580710077704757570648506740896544107616484813528049819701928347067609194197022249035339355344319801969686653163050869
1502062021801657085569753299048584127145162749069067969336060694262844196718468927869951841617765610694830796903299306488134300809106172421389985340642219007150524670388631248450998549103821923113740427510743572564184918433695100997477187853323208647846844993454949822556379054189318611370691448289439847293172228369576144028111659689274456071300761015316425116334174743549422120194595357477518100838438837168757017792257792307098585459496807077560270882605454333
1593331896324404509341570936988686513939377057675837316282567704646911285667265216574962539200609483907352046880602678637188924161412264627418147489164812292347768320307488068398304937581421560896952283627379888783803509960109258255356218327925200085127057391792816779082233275719078995115584286103103399501785818784145989853437374230092658233059061246416775385953202972167614924689687716205649410956561492713160412242600141101166326881012166309457074263314717959
1458679445185326322281497418870327483180645869100704471952903943679361974092487932463372571250933172250127822011224113588502233554067234349754844548424312035787428461250936023895161558695075153268858419484759453794594652587221227833049753232460450900210243734370919593815547287617178347460412722407348298057213878384412851161212473455923826414999392548746126284982887079031553854165314627715606513146960366070816774201524211640365580765534619060176015157503671681
1771169607655990168851768987609961679110115115733479071932772001850276290308090226838293359026765950980091260582510275185353076182793567633417021355482763109889995226325705742588985316593908430931635883515435172461820057210535208882184713578787574225395121334197752426935982999056615127511817511951813973556919393357259497541910200177132578106648072373752319140318200672038124890042243615699323898172760913989384648453260959930099406712281683246428813272939498881
1991876419879123173641030435407497409532516997784876228790679685913499168629784202157406468014820732833315770234853365156652720771553988850323280161658067415873523135230979409272009117605125804384336284357124778570451957369035086078707318112089982381000314015997645050211385867891162055471228303398971333062127508324168831413827048541512641212192045519107033645017358312056197219065396558579267651372696406286091097980300892628595783071855299660170890313284605757
1872976032537656150665042076450188961546222030065855172888178677396235971723052625657522862891878144860877450893596925040270666347255010685114225225930397857023161966692156092881604528578805409129165075814273094932433284801371537924724626949879892518793415042881677886723029122953974725480284883728804291794808426243912833299991927026680682930846676891273355458793583592812936833585206368524412741968461585369077009910999876744965031681901682648643958838526834193
2396858952686641093117608521631446347735540655971220636729731295940383594165364887147712343448619057325754947711347588605639009899184668968733039445268266288093590498574943909865788142934931495579383727900232425573741591277221085413686954374659889910810515076010691065082990892537469137208420766417953462241362245537865388893284424294842312672100710303977960679154743173378821649819974407157430076010488041168246074832556035969644403974995530068522941751006287579
1237127296355905990623590087703399218898219719306069767353096568885693078030236454659796181831248244609501243058588247876409557709932366073508352970168688573973479701318782615209712208846202386375759843656313692049612570623601026200167056167224794600225514684209106050330427537384492494834362406612901259465807784287993608488544600795314614419374808078430275424716935531481811391171791818975641865158883381511155770632305047181500218639683842808950135035094033861
2403506782523093506538082211017774998873802886703811666708702728993153190305607310396352543970903495804588464445179408255145598078484435356490775354436547534549606238319185709192951559836393033854713526122144097457957913583678233990812644567693435780609758558688789076864630720697214649838567633077421674545551369910757320092217661779170586618949864086669492757259744857750273467936215906943876819420406658710736027402086149256166248609680570643442044702608504103
2230020156452756614616840586200597316366449694706950303206259799904197931385718932517443115218784434572009962518601267914144702393881153896212544338348487336525981196540514297201399969057648617446354311488933138829328275083395995453720908898155928678442863528051441291959297303377708189101236044275783130822393636346244473066042554724105093810448529701045283131933900051899738239210253411013020313182747041709684198399658092747088660588890746876269586910257454519
2014506260288674562931312782843042865420229500615753437914774555065622046420522130608339899450648253559151735843372838072195795835796202670269142058984142104914892327229706843700842493432255303272742054496730893194750390971760612817014868013603490362936724226756545639612236820282760468477990652730897507051542060719000928505206716207197951077640900561924464988288327980701960732697278726547772411247285836380024455961814512724273253173603546407225904061674791689
1839200402951545752313539167184046036732068958484018552197369614532565645684607353372010178334285672774517063859141196669551672661447982866994747418845564348756702094405849358961993426674009943129295440336704113880327367256845598271407606103589185232908392938599819136597818069906543759861112016304107226403097899879232462643283824888887249614473680491050144581212474006260172136143885935461087424762320460850719976198677243791242327789846250370010839388040677401
2407148489031130110243874447466438432931114174038914839114129401840187361006493997894565660847575466368530309547596278030802861471483884568535550967505652306939656569865722118424732532247860632381392130379047783115612012492081436605315715555430736703216174924068753337283371901690774776260722099420815562918658962277088331191292992603615205823576407528930554042323984345898987688525518843443445743149604469958056424497757032891417411613874769419514461817711545911
2027433297261184875060528990979572583176285683621330093909413649420854254439240601752105882620137586651855046432843252195027302784455511551656571622529865852439276637451987905123578601956035103345082444518703257984055258718538977651861547718798161151282561548865350008733971764237915212012711115423671340299583477586566509736415176760516951097287234755167661815726379398428699495985173123423109449499381876035729971002688465847807683344304362556574806860159213393
1875743373422722465223988765145743480592890289897694178037907738950754154899436665390568500604326673805442415438771859849906247051440393169497064638251779605385873528436924291463716008587390469771054272649463619256077290820547792282571026542524707089620138524801348225744641681885208294699350777687125763996171493659958722181060239659282147334795743914947190652102858636222545994947770038726551735960030196978322394464693086628478147331009340367353350003993350539
1970026442432807089372287061225027852735654458669377554140950332143591211737898705481858845812714248481910124839361383723092150112791089348366064515609171804364526108613868190513096107945903216473217829951077695088577425533513292178214459246282406269916327538322903891589091756065473058978112624053528350652446435737636710567814649967939657852333465578114859260219349971883633122807625107578003026034999831399615250038790039940973837251464083945733691635649615167
1991218991286641445178811034891443556197545744617975359496753196952496970501686346950329409588205775407375795546117699009032637179235486763598207907871334872239634365291459991805187911583030814331792473034515597496089329069380565187574516794948257015339189866112199807848123181968197025550761131603293619236744198649971565719854791826770730728564956007854063635748960681405488629648829704739847125171409336462417506437910367415493624661808024954415707144291296753
1752439079392696177860126592327517545258210286851292405354603242153901932465314871679525322041369758603028046116295369778749715659615706501599502437251449083673377370111577133966950624508315810077505334132474648732360584640460161031522642207513791245488775601145756075422438010636555536697141540400129879595821023053828454923847862285932477555795882665427615922536845822582981252299926840262392686685303705156530342576166485601030907601529898982555229922684190909
1209876454161109096168022428306936247775009986153530271504634965643482933491324132971621402631358334689557884364404953674268421716657083199039091484250330819677689234441941730798119064228360723593268396857623941354202919395649313108680266262661254412239697800378915035834812945349345340769095829667160575202854708660091502728623631426598598514620816724819708732729100653946574262458586377514762572298330359562458881400585196201141834969607958699943696960829923029
1520631574386123775297685193111271730352053596993536114121243972948365553978769137617231060278361321089764532294076547544664524015805726510662284447448648831318566133984333311543748512178172400269925548504418542419302177003291132139106525461190390249940949033110747624811572925920432558689759204610700108551667550375416371922846663384654098686839546364683914753139176068937924258480340035039346487460130487526461309578104000001516938781760321023941305008227753237
1916531392376169744999316554520933403414175893823554801217634959256102510388261359937630899195731826187029815190506749760584146370886115688002355115797869748017794932912949823030554579583477928681810505336649325450652719446322044822808570145195595381296754365220628626322738802114438127476096117328258153335732986480065586221758330514478493410623141062174907790679189781809839517148852909697273866997449014530339677670584820262916272614135527814182103251604190041
1726461390090216137286410471287903744325752813265943400934542309766710343068936405383123136084264974485618551910316714680227559908692841751968026310835943698641862548250446116583485289159626433169673109531567373103460919583836244980367509506851944597441122896919564837971823466353420358515131481555079954508489082394727731470360669815352059855134841076302462411575681089673454759548005866332278030399107155166431799207448319395244009304553502282174581862026496921
2052877886415106472483940510927479722419769985093972751396828465128274971784212861995435425777401733727251919365720700541592890224288523665726384171348856271650293404461968145791167958795389380795582557037074440655108323282290846092016214180620621749275490234981578446251968262817946723551140342892153505003365224445435684277979338035890522024626078644246204231592267754779718533246950519418321202161113078135044397812967843122673129505503465956674588614007896521
1654193732714887092735380302362738666012170508314989485617707456828363984191856115222228851553664812270221406518959390141809973623378597339057215435555361192360390482890948655664205702721935901767632160080420261780350697949184214115946463889261757610856288460292922176479795610500098038719014524631461205298625783389397289806982024858247603012038900181143234199963801944057579277620549056669870484351946955751295614895387881723566845133274589116381971647270928423
1251239751558363070243038328295179840852582758130232829369788569887809265230561374151481404703367549089742269866413146802659865156843408674730641174457156134615020434427271338526564807165996378974079024970728493509687339760517657785550336766545615994522813091998184728774595775660845400812193540282391971687886938254059977890672097176281583468771735435518798646012501977029188051014753011928800915043678578220694745385161174938775421453461536554276088826076332473
1290679583204696063227249975994595393567323318119084773572712550153689363001592893175335295032341089838508889669684681595425987065969662134536473678644042735168320985494258789469352163681985503414993756987073209606982300875997947330121384271511937852125775028721539080747659215986357625125354846492695199706069221820510373227938582576989806529577248557119643547248587452353085907914586143274837020983973577899178522264265018378338260154087367217497650900535753743
1862826221411487140894030786853196641530944269411601510823862852163844817798839982741447646630283374782627147934010503454582343395797298514966793529196740209509025034839060404554246923652269403272482839262175606650232094199418932253680709105562916154528715256247489339149322021600615384602688099620779274949816835345380197278735939417344303990863643404920766535543398869696433523789702840440830405671535959244113412716712143235682103807952175245707975881898484051
1836404654589279701129673047742226247497989433033408734813609776380589912101658962732926627125983330387414706984116010111640145744493180866182733268046137312075844826307887771305513412513124542588174248982809422587929489823054980565943279277662898205152367949573264671875539324563011509026174926948164773784213956391555572411209291493308006286131272846689893319561253870319539166876065195853411613710983119512863511875873001516294752821485322795503700274119386541
1474773965209703940537460047528046740392718478926133688101763656379860608741428213366389035912330726471669140680757743223119658546807445684711765562158687591519636866474402403995062806649152470723681749460257293140074342803313881017482380563476112208646764722719350527883669356533126280635750728301928069682113990073075160822678832891887898808990997454418948229363199859164988592011242244147720585129361500445830138365624062321212596312113156322813693362544727647
1640905360645578890069519405314684372444771482413670061828387279947475181353684879383319084502110655532832989829301164864218015845613132895445040132250909798208119599637753476451285220083316897276193709614672102350700712523970774054679724952100988076996684978408551894585888792047427501888701553276080229037813557943445495270039213978707662854079731076765525886122652214187072763562742635118376752442327835065644225151070839050682694409230497894779298431468831339
