76017400
75016600
76017100
75016800
75016300
75017400
75016800
74016800
75017000
74016500
75016900
74016700
75016900
76017000
75016900
76017100
75016800
75016700
75017100
74016600
74016600
75016700
74016600
74016700
74016600
75016800
75016900
74016600
74016800
75016800
75016900
75016800
75017500
75017000
74016600
76017100
74016600
73016400
74016600
74016800
74016600
74016600
74016600
73016400
77017200
74016700
74016600
74016700
86019400
90020000
77017800
74016500
75016600
74016600
75017200
90020500
80017500
76993500
74016800
74016800
75016400
74017000
74016700
74016700
74016500
74016500
73016200
75017000
75016900
75016900
73016300
74016700
73016400
74016700
74016100
74017200
75016800
74016700
73016500
75016900
74016600
74016600
73016500
74016700
74016700
75017000
74016600
74017000
74016700
77017400
91020500
76017200
73016400
79017800
74016700
75016800
73016400
80018000
73016500
74016600
74016600
73016400
80018100
80017900
75016900
74016800
74016400
73016400
74016700
74016600
74016500
73016500
74016700
73016500
91020500
78017600
91020400
77017600
76017000
77017200
75016900
73016200
75016900
75016800
75016800
73016100
74016600
75016900
74016600
74016700
74016600
86019400
80018100
77017200
74016800
77017200
92020700
85018800
80018300
81732500
82228100
81018100
75016800
75016400
80017800
90020000
81018200
92020700
75016700
76017100
75016900
74016600
75016900
75016800
78017600
75016800
75016900
75016600
77017600
80018200
76016900
75016900
75016700
74016600
75016800
74016600
75016700
75016900
75016900
75016800
75017000
76016900
75016800
76017100
74016600
76017100
75016700
75016900
75016900
75016900
77017400
85019000
77017400
75017000
75016700
76017000
76017200
73016600
73016500
73016300
74016700
75016800
74016500
74016700
87019700
74016700
86019600
80017700
75017000
74016500
75016900
74016600
74016400
74016400
74016500
75017100
74016400
74016800
75016900
75016900
75016900
74016500
75016900
73016400
89020200
75016700
75016900
75016800
75016900
74016600
75016900
74016700
75017100
74016500
74016800
76017000
75016900
74016500
74016800
75016800
75016800
75016900
74016400
75016900
75016900
76017100
75016900
75016800
74016600
75016900
75016800
79017800
86019300
86019600
74016400
81018100
81018200
74016700
75016900
75016900
85019000
89020200
87019600
75016900
75016900
77017300
74016500
77017300
77017000
76017400
74016600
82018400
81018300
74016500
75016900
74016700
74016600
75017100
74016700
75016500
83019000
83018200
75017300
77017400
75016900
74016700
75016900
74016600
74016600
74016600
74016600
74016600
75016700
74016700
75016900
74016600
75017100
74016500
75016800
75016900
74016700
75016800
75016900
75016900
73016400
74016700
73016400
75016800
73016500
74016700
74016600
74016600
75016900
74016500
74016700
73016400
73016300
74016500
75017000
73016300
74016600
73016500
75016900
74016600
74016600
77017400
74016700
74016600
74016700
74016800
74016700
73016400
75016900
74016800
77017000
81576300
78017500
82018500
74016600
75016900
74016500
73016300
73016100
72016100
74016200
73016800
73016600
73016800
74016600
74016600
74016200
73016400
73016600
74016600
74016700
91020400
88019800
75016900
76017100
79017800
74016600
77017200
76017400
75016800
74016600
74016800
74016400
76016900
90019800
83019200
84018800
73016600
78017400
74016600
74016700
73016500
74016600
73016400
75016900
74016600
75017000
74016600
75016800
75016900
75017100
76017100
76016800
75017000
75016800
74016100
75017000
75016800
74016500
75016900
75016800
76017100
75016800
75016900
75016800
75017000
75016900
75016900
75016900
76017200
74017000
76016600
75016800
75016900
74016600
75016900
75016800
75016900
76017100
74016600
75017000
74016600
73016300
74017000
74016700
74016600
74016600
74016600
74016700
74016600
74016400
74016800
74016700
72016400
75016800
77017300
75016800
74016700
73016400
73016400
73016500
74016700
75016900
75016700
75017000
74016400
75016900
73016200
73016600
73016500
74016700
74016700
75016700
74016600
74016800
74016500
75016900
75016900
75016900
76017200
79017700
77017400
74520800
75016800
75016900
75016900
76017100
74016600
75017100
74016700
77017100
76017400
77017000
75017100
75016900
82018400
75017000
75016900
75016900
74016600
76017100
75016800
75016900
75016900
75016800
75017000
74016100
75016700
75016900
75016800
75016900
75016800
74016600
75016900
74016700
74016000
74017200
73016400
74016600
74016600
74016700
74016600
74016600
75016800
73016500
73016400
74016700
73016400
74016700
74016500
74016400
73016700
73016400
75016800
74016700
74016700
73016400
75016800
74016700
73016400
74016700
73016300
74016700
75016800
75016900
75016800
74016800
74016700
75016900
75016800
75017000
76017200
74016400
75016800
75017000
76017000
76016700
74016600
79018200
84018900
75016900
74016600
79017800
75016800
76017200
75016700
74016600
74016700
74016600
74016800
74016500
74016700
74016600
75016900
75016900
74016600
74016600
75016800
73016600
73016300
73016400
75016800
75017000
74016500
75016800
73016400
74016600
73016400
73016400
74016600
74016600
75016900
74016700
75016600
75016900
73016400
75016900
74016600
88019800
78017500
77017300
75016900
74016700
74016500
73016400
74016600
76017100
74016700
74016600
74016600
74016700
75016900
75016800
74016800
75016700
75016900
75016800
74016600
75016400
74017100
76017000
79017900
75016700
87019200
83018800
74016400
74016700
74016500
74016700
74016700
74016600
76017200
75016800
74016700
74016500
75016900
75016900
75016900
75016800
76017000
76017300
75017000
75016900
76017100
75017000
76017000
75016900
74520800
74016600
74016700
75016800
76017200
75016800
75016900
74016700
76017000
74016600
74016500
74016500
75016800
75017000
75016800
75016900
75016700
76017200
74016600
74016600
74016800
74016700
75017000
75016800
75016800
75016800
75016900
74016700
74016700
75017000
75016700
75017000
75016800
74016800
74016600
73016300
75017000
73016300
75016900
75016900
77017400
75016800
74016600
75016600
74016600
74016600
73016500
73016400
73016400
73016300
72016000
73016400
73016400
74016700
73016500
74016700
74016500
74016600
75016900
75016900
74016600
74016500
73016500
74016700
73016400
73016300
73016400
73016400
74016700
73016500
73016500
73016400
74016600
76017200
77017400
74016600
73016300
79017700
91020600
79017700
73016400
75016900
78017500
74016600
74016700
74016700
74016700
75016800
74016600
77017300
73016400
74016600
75017200
75017100
75016300
74016100
74016600
74016600
74016600
74016700
75016900
74016700
74016600
75016800
75016900
74016800
79017700
75016900
75016800
75016700
79017800
76017000
75016700
74016500
76017200
75016900
74016700
74016700
75016700
75016800
74017000
74016300
73016400
74016700
76017100
74016500
75016800
75017100
77017200
75017200
75016500
75016800
75016800
75017000
76017000
75016900
75017000
74016100
75016900
75016800
77017300
75016800
79017700
75016900
75016700
75017000
74016500
74016900
75016800
76016700
74017100
74016600
74016600
74016700
74016600
74016700
74016700
75016800
75016900
74016600
74016500
75016900
74016700
74016700
74016700
75016800
75017000
74016600
75016800
73016300
74016700
73016400
73016500
74016800
73016200
73016400
73016500
73016400
73016600
75016800
73016400
74016100
72016700
73016600
73016200
73016500
72016200
73016500
73016400
73016400
73016300
73016500
74016800
74016500
75016900
74016600
74016600
74016600
74016700
74016700
74016700
73016400
74016600
73016400
77017400
74016500
74016700
73016400
74016500
73016300
72016300
74016700
73016500
74016500
75016800
74016600
73016500
74016600
74016600
76017400
74016600
74016600
73016400
74016600
74016700
73016400
73016300
73016500
74016900
74016400
73016400
74016700
73016400
74016800
74016500
75016700
77256800
75016900
76017100
75016900
75016800
75016800
74016800
76016900
75017100
75016600
74016700
75016700
76017200
75686700
82057500
74841000
75362200
74017000
75016400
74017100
74016300
74016600
76017100
75017000
75016700
75016800
74016800
74016500
74016600
74016600
74016700
73016400
74016700
73016400
74016600
73016500
73016600
87019700
90997000
76017200
73016500
73016400
76017200
74016600
74016600
74016700
74016700
74016600
74016600
76017100
74016800
74016400
74016800
74016700
74016600
75016900
75016800
74016600
75016900
73016500
74016600
74016700
74016900
75016500
74016600
74016600
74016600
74016600
74016600
75016900
75016800
75016900
74016700
75016800
74016700
74016600
73016500
74016700
75016900
74016700
74016600
73016400
74016700
74016600
74016700
74016600
74016700
75016800
76017100
76017200
75016800
75016900
75016800
74016800
75016700
74016500
75016900
75017000
74016600
74016600
75016900
74016600
74016600
74016800
75016900
74016700
74016800
75016800
74016700
75016800
74016700
74016600
75016900
74016600
74016600
74016700
75016900
75016800
74016900
74016600
74016500
74016700
75017000
75016800
74016600
74016700
73016400
73016400
73016300
74016700
74016700
73016400
74016600
75016800
73016400
73016500
73016300
74016600
73016400
73016400
74016700
73016500
74016700
75016800
75016800
75016900
75016800
74016600
74016700
78017500
75016900
75016900
74016600
73016500
73016500
74016500
74016600
74016700
73016500
74016600
74016700
74016600
74016500
74016600
75017000
74016600
74016700
73016300
73016400
74016800
74016400
73016700
74016600
77017300
73016000
74016600
74016700
74016700
73016300
75017100
74016500
74016400
74016700
73016400
74016600
74016600
75017000
73016400
