134030000
135030500
133029900
135030400
135030300
134030100
135030100
136030600
135030200
134030200
135030400
133029900
133029800
134030100
135030300
135030500
133029800
132029600
134030200
135030400
134030200
133030000
134030000
132029700
132029700
135030300
134030100
134030200
133029900
133029900
134030200
133029800
134030100
133029900
133029900
134030000
135030500
134030200
133029400
134030600
135030300
133030100
135030400
134030200
134030100
133029700
134030200
132029800
135030300
133029900
133029800
133029900
135030500
134030000
136030500
136030600
135030400
134030100
132029600
135030400
135030300
134030200
133029800
134030300
134030000
133030000
133030000
135030300
136030600
134030200
134030000
132029600
133030000
133029900
134030300
135030400
132029700
133029900
135030300
133029900
133030000
134030200
135030400
142031800
135030600
133029900
135030400
134030100
134030100
132029600
132029700
133029900
135030400
133029900
135030300
136030500
132029500
135030300
134030200
135030500
133029500
135030400
134030300
134030100
135030200
133029800
132029800
134030000
134030200
133030100
132029300
133029800
135030400
134030200
134030200
133029900
136030500
135030900
132029700
134030200
136030700
134030000
135030400
132029700
132029800
133029800
133029900
132029700
131029600
132029700
134030100
133030000
131029900
133029400
135030500
136030400
134030200
134030100
136030600
133029900
133029900
132029600
133029800
132029700
133030100
134030300
132029800
134030000
133029900
136030800
132029600
136030600
134030100
133029900
135030400
134030100
132029700
135030300
134030200
135030200
135030400
134030200
134030100
132029700
135030400
134029500
132029700
135030600
133029900
133030000
133029900
135030500
134030300
132029600
135030400
135030400
134030100
134030100
135030500
133029800
135030500
133029800
133030000
136030500
136030500
135030400
135030300
133029900
132029500
135030300
134030200
135030400
134030200
134030000
134030100
135030400
133029900
135030400
134030200
134030200
136030600
135030300
135030300
132029700
133029900
134030100
135030300
133029900
133030000
132029600
134030100
134030200
136030600
136030600
136030500
132029500
135030300
133029800
135030500
135030300
134030100
133030000
133029800
134030200
135030400
133029800
132029800
134029800
134030100
132029800
132029500
131029500
133030100
136030500
133029800
136030700
132029700
135030400
132029600
140031700
134030000
133030200
135030000
135030400
134030200
132029700
135030300
133029900
133029900
133029900
133030000
135030400
133029900
135825600
134030100
136030500
135030500
136030600
135030400
135030400
133030000
134030100
134029900
135030400
135030500
139031200
140031500
136030500
133029900
132029700
134030100
136030600
135030400
135030400
134030000
133030000
135030200
133030100
135030200
135030800
134030200
135030400
134030000
134030200
134030200
135030200
133030000
132029700
134030000
135030400
134030200
135030300
133029900
134030200
133029900
135030300
133030000
135030300
133029900
135030300
132029800
136030400
135030500
135030100
134030200
135030300
132029700
132029700
150034000
145032200
132030000
136030600
134030100
131029400
132029700
133030300
133029700
131029300
132029700
146032900
133029900
132029700
130029200
133029900
145032700
134030100
133029900
133029900
137030700
135030500
134030000
135030400
135030400
134030100
133029900
134030200
132029800
132029800
133029900
135030300
133030000
134030000
132029600
132029700
135030200
136030700
134030200
133029800
135030400
135030300
133029900
134030100
131029500
134030200
135030100
133030000
132029700
135030300
133030000
137030800
133029900
134030200
134030100
134030100
135030300
133030000
135030300
134030100
135030400
136030400
140031800
136030400
135030400
133030000
136030500
134030100
133029900
133029900
132029600
134030300
134030000
135030400
133029800
130029100
132029600
131029600
133029900
131029500
135030400
130029200
143032200
146032800
132029600
135030300
132029600
136030600
136030600
136030600
141031700
148033200
134030100
133030000
135030400
137030700
134030200
134030100
134030100
132029700
134030100
134030200
134030100
135030500
134030000
132029800
133029900
134030100
135030300
133029900
133030100
135030300
133030000
135030300
135029800
134030600
133029900
133029900
133029800
133029900
133030000
137030800
135030500
134029500
134030700
135030400
133029700
134030200
135030400
134030100
135030100
135030400
134030300
134030100
135030400
133029900
135030600
146032700
134030600
135030300
140031500
136030600
133029900
133029900
135030300
133030000
134030100
132029600
135030200
135030400
135030400
134030000
134030100
132029600
132029700
134030100
134030100
133029900
135030400
134030100
135030500
133029800
133030100
133030100
133030000
133029800
134030100
134030200
135030500
132029600
133029900
133030000
132029700
133029900
132029700
134030100
133030000
131029800
132029500
143032100
133030000
134030200
134030000
131029700
141031500
134030200
132029800
140031300
133029900
136030500
135030400
133029900
134030300
133029700
135030400
134030100
133029900
135030500
135030200
133029900
133030000
134030100
134642800
134030100
133029900
135030300
133029900
135030400
135030400
133029900
135030300
135030400
133029800
133030000
132029500
133030000
134030100
134030200
134030000
132029800
133029700
133030100
136030400
135030400
135030400
132029700
137030900
135030300
134562800
132029700
133030200
135030300
133029900
134030100
134030200
133029900
134030300
133029700
134030100
135030300
133029800
133029900
137030800
135030400
133029900
134030100
135030400
132029700
133029800
134029800
133030300
135030200
131029400
133029300
150034200
137030700
134029900
135030300
133029900
134030200
135030400
133029900
134030300
135029900
134030100
132029700
134030700
132029900
134030100
134030300
134030000
133029900
133029900
131029600
133029900
132029600
136030500
131029500
133029900
133030000
133029900
134030100
133029900
134030400
134030200
133029800
132533600
132029500
132029700
130029400
132029600
135030400
131029400
136030600
133029800
133030000
134030100
133029700
132029800
134030200
133029900
135030300
133030100
134030100
134030200
134030200
134030200
136030800
134029900
141031600
133030100
133030000
133030000
133029800
134030100
135030400
132029600
135030400
132029600
134030100
133029900
134030100
133029900
133029900
134030000
133029900
134030100
135030500
133029900
135030300
135030400
134030200
132029700
134030200
133029900
136030500
135030500
133030000
135030300
134030400
135030900
132029600
134030000
134030300
135030200
133030000
132029700
134029900
133030100
134030300
135030200
137030800
135030300
136030800
195043700
148032900
136030700
140031300
131029500
131029600
132029500
149033600
133029900
134029900
133030100
136030600
134030300
132029600
133029800
133030000
135030300
135226700
133030000
135030800
132029600
133030000
134030000
133029900
133029900
134030100
131029400
133030000
135030300
132029700
133029800
133029900
134030200
134030400
133029800
134030100
134030200
135030400
136030600
133029900
135030400
134030000
134030000
134030000
134030200
133029800
132029600
133030200
134030200
133029700
135030300
139031100
136030800
134030100
135030500
134030000
136030400
134030100
133030500
136030500
132029700
134030100
136030600
134030300
132029400
134030100
135030400
135030400
134029800
134030700
134030100
132029700
135030200
133030000
132029800
134030200
132029700
132029700
133030000
133030000
132029900
134030000
134030100
133029900
133029900
134030200
135030300
134030400
133029600
134030400
133030300
131028800
135030400
133029900
135030300
131029400
132029700
138031100
136030400
134030200
133029800
134030200
133029800
135030300
135030300
135030400
133029700
135030600
134030100
134030100
135030200
134030100
136030600
135030300
133030000
135030200
134030200
134030200
134030000
134030300
134030000
134030300
134030200
136030600
135030300
134030000
133030000
134030200
134030100
132029800
137030400
136030900
135030400
133029900
133029900
134029900
134030200
134030100
135030400
135030300
134030100
133030000
132030000
135030100
134030100
135030500
134030100
132029800
134030100
135030400
135030500
133029800
132029600
135030300
133030100
135030300
133029900
135030500
132029500
134029900
135030300
135030500
134030100
134030200
135030200
134030400
135030300
135030500
135030300
135030300
132029900
132029700
133030000
133030000
135030400
135030300
134030100
133029900
135030500
134030100
134030200
133030000
133029700
134030200
134030400
135030100
134030200
133030100
135030400
133029800
131029600
133029600
132029800
131029500
130029100
132029900
136030400
135030500
132029700
133030000
136030500
135030400
132029500
135030600
136030500
135030400
134030100
132029700
131029400
132029800
133029800
134030200
133030000
132029500
132029700
131029500
132029700
133030000
132029700
130029000
142032100
150033700
132029600
135030300
135030500
133029900
135030400
134030000
136030600
133030000
134030000
133276000
134030100
135030400
138031100
135030300
135030300
134030200
134030200
134030100
135030300
136030800
158035000
162036900
134030000
134030100
138031200
141031900
137030600
134029900
136030600
135030400
134030100
134030200
134030100
135030300
135030500
135030200
133029800
134030300
133029500
132029700
137030400
134030000
136030000
135030900
132029800
131029500
132029500
132029800
135030300
133030000
132029800
133029800
134030000
133029900
134030000
134030400
134030100
135030400
135030400
135030400
133030000
135030400
134030200
135030200
133030000
133029900
132029700
133030000
134030100
132029800
134030000
133030100
133029800
134030100
134030100
134030200
134030100
135030300
135030600
132029800
134030200
133029900
132029600
132029600
134030700
135029700
132029700
133029800
134030300
137030900
136030600
139031200
137031100
134030400
134030400
136030600
131029500
131029400
131029400
132029700
133030000
132029600
133029900
131029400
133029700
131029500
132029700
133029900
132029600
135030400
133029900
134030100
131029400
132029700
132029800
139031400
133029800
133029800
136030600
132029800
133029900
134030100
135030400
135030300
134030000
133030000
135030300
133030000
134030300
135030300
136030600
135030200
133029900
136030600
135030200
133030000
134030200
133030100
135030200
134030100
133029900
134030200
132029100
132029700
134030000
133030000
134030100
134030200
135030300
132029600
133030000
