83465760031331563529096399649989875889814147798770589802514806645289022362833
89213624972158075263048220037628106702727002466479276926224155990936186823041
95945417403823426899661051857640883571993320177767771762820846091177912448093
103588936421334126139616810544320777204912313369272269913223087869764351807841
70240656398825336158667861007356418609525387931235879661222405794328073565449
95163680822362274394681602172526854818565910880428133316758554530144386362951
74851442417214037037696509148019732566209424499702128876197882295361976512451
99373237068298651242143073777717582166374662164936291357956096173223077137151
83445341758228410118092898328055604813809250188570343262467830136297419984161
65268986901467755908672682913397083200188019780811130806753070078702388699087
90955755543582294487353685864572095751819213263537765567502252086639235276859
81566873369012880742751324423592227032736716346153982700785028218386088292511
84307461781690421959507789391136316671801318505509485700891780467369693146283
69277545745573347617743748845001852296477112189573415049923354294828760936439
99410273738745545555870210564786348754138705313151438240381972685808376087407
69761318896874324890529810287476741136130788163634961737571743087432259841647
77667915672656980561141000698698274819513291459903058541010406555087126930531
96374601700960719062187997742490472941281963806831528296248474502667705217527
108982432266576170831689739252004719146309489409208756860727302251456573843751
77224626035268677669113941996364291503174889208596392206307298139592142984691
103325953207049774338939914074422427572092481337404465497802454980776607465957
99085934075588185388184552932322864104016726963443473442211970968763914054077
91104814798579878544368140741843426580082498475539068953492922495017104380167
100712610324775815830748543003939267913880536130356075654248738801813051619241
73714636402340244198801385803543624063243448032956010488539301258500675372339
70421012737426183843394127142793181343456827619956200103584708259686143101641
74253166956733974455362022235008085608022919341913814252077162714589473274029
104976077359725939238587592041399827460040758574238899074246149179997408797987
67726148524472933400786904050405393987474281851242614415078255262080684805547
107965663520656793596218714028461251269521049694512042022279429588966667765469
107596009139107150005425116853323591457261306850057867049384267495784464209779
95595754642577573368279673729593797419250108606812956398477980899348748784091
95797677081474183323219073188336918402511972445287686634710003164047550675087
86940068778100465814410374458904248537842810469526053744936102640055235077357
103876889210153606874036329447764980503991637138921789584991895375248617892979
62539552999584462800375060168803050022776533125329046292488113247144762057771
91629736041459969519488344042504980148796706151584000675068753595834974677103
68160343534570148867503085975019916230120626631928352415053644250423776303451
81321635654438064997568934813671427290235707634934167420931291069156961766403
70765753072531531905775158482495802473830552129359217236996710546066258643047
70608830199546048565322850057148209062732996091434904832332123255813121252409
95462481677279443630990928493537924369171543911654101122644284342552548903953
79322684561767195553069724361794006279566097109796509781007453825060363559609
71581310127331645091017060084884720058831575852139963097330697091698493310273
64460475552109678171160556091791766827519902728828627496892704964852431207203
86333925846096180442152787889585338754637936976938189234523590181061878605043
