424095200
415093000
419094600
420094500
420094300
421094800
468774900
503420300
433331400
430697600
431389600
411092300
417093800
454293300
427096100
423095100
420094400
416093600
424095400
420094400
436098100
416093500
414093100
413092900
444099900
428096200
418094000
431096900
431097000
437098300
424095400
420094400
417093800
422094900
435097700
420094500
427096000
417093700
432097100
427096000
413092900
428096300
418093900
421094700
416093600
431096800
414093100
408091700
410092200
410092100
414093100
412092700
410092100
415093300
415093200
416093300
413092900
411092400
412092600
413092900
413093000
414093000
413455300
413092900
413092700
430709200
453101900
532119300
435098000
436098100
411092600
418093800
419094300
411092300
411092400
413092700
418094000
419094300
454102400
433097000
414093500
422094700
422094900
412092600
412092600
412092500
414093200
413093000
409092100
411092200
413093200
420094100
422094900
410092300
484108800
429096200
411092600
414093300
415093300
408091500
421094800
410092300
419094200
412092700
411092500
424095400
408091700
409091800
427096100
430096600
412092700
405090700
438098500
439098500
419094200
412092400
412092100
418093900
412092100
414093400
412092700
415093300
414093100
413092900
511600600
418093600
412093000
419094200
409091900
437098500
428096400
413092900
415093500
409091800
431096900
425095300
420094500
444099900
419094400
422094900
455102300
416093500
423095000
426095900
419094100
423094900
464104500
494111300
524153800
533119800
495111700
509114500
533119200
428096800
422095000
416093300
434097300
413092800
419094100
414093400
415093000
409092000
414093200
440098800
414093100
410092200
416093600
419094300
411092400
411092300
411092500
428096600
544122100
422095000
412092600
416093500
413092900
416093500
410092300
422094900
416093500
411092400
413092800
414093200
410092000
416093600
410092200
410092100
412092700
409092100
409092100
417093900
407091300
411092400
414093100
416093500
416093600
412092600
412092900
414092900
416093600
413092800
413092800
417093700
408091800
406091300
418094100
410092100
409092000
408091800
413092800
414093200
412092600
407091500
409091900
416093500
410092200
412092700
413092900
407091500
414093100
410092200
412092300
413092900
416093500
412092500
443099800
416093500
460103300
447100600
423094900
429096500
421094600
435098100
420014600
407091500
417093900
419094200
421094700
412092600
415093200
416093500
413092800
425019800
431148800
409092200
419094700
412092700
411092500
414093000
408091800
407091600
410092300
413092800
411092400
415093400
414092700
405090900
407091400
409092000
408091800
406091300
409092000
413092800
412092700
412092700
411092300
415093300
413093400
413092900
413092600
412092700
414093000
414093000
412092700
412092600
408091700
410092200
409091900
415093300
405091100
412092600
408091700
411092500
412092700
412092800
410092300
409091800
410092200
408091700
411092500
409092000
414093000
410092300
412092600
407091000
407091400
413093000
415093300
412092600
407091600
406092600
407091200
409091900
410092200
412092700
409092000
405091100
405091100
410092200
411092400
406091300
414093200
409091900
414093100
411092300
417093800
411092400
410092300
412092600
416093500
415093400
410092300
410092100
408091800
413092900
410092200
414093200
407091400
412092700
408091900
410092100
413092800
410092400
412092500
415093400
417093500
421094800
411092500
410092100
411092600
409092000
411092400
413092700
411092300
415093300
408091900
408091700
415093400
410092100
409091800
408091900
413093100
414093000
414093200
410092100
417093800
411092500
411092300
411092500
407091600
404090800
414093000
409092000
408091800
411092500
412092700
410092200
409091900
414093100
413092800
414093100
412092500
411092400
408091700
414093300
413092800
411092700
414093200
410092200
408091800
413092900
409092100
406091400
407091600
405091100
405091200
410092200
405091200
404090900
410092200
406091400
413092800
415093300
413092900
411092300
413092900
408091700
409091900
407091500
410092300
410092300
406091300
406091200
410092200
406091200
406091400
407091400
408091600
412092700
413092800
408091800
404090900
407091600
406091200
408091800
409092000
407091500
407091400
417093800
409092000
409091900
410092200
409091900
411092500
412092700
408091700
410092200
407091500
415093400
412092600
407091500
412092600
411092600
413092700
412092800
414093000
412092700
415093300
413092800
414093100
414093200
412092700
410092200
411092300
409092000
406091300
411092500
413092900
411092300
411092600
417093800
411091900
413093400
410092300
413092800
414093100
412092700
409092000
410092200
408091700
409091900
413092800
417093800
413092800
413092800
413093000
416093400
413093000
412092500
411092500
406091400
411092400
412092600
412092700
409091900
406091200
410092200
406091300
406091100
404090900
411092400
408091700
407091600
412092800
408091800
408091800
409092000
410092300
406091300
408091600
411092400
416093700
409091900
414093100
411092400
404090800
412092600
409091900
414091200
412092600
414093100
411092400
414125500
407091700
411092200
419094100
411092600
434097400
421094600
415092900
410092700
418094100
409092000
409091900
419094200
410092300
409091800
407091500
401090100
409092000
409092000
408091800
409092000
402090300
410092400
418093700
410092300
412092600
410092200
407091600
415093200
410092300
408091800
407091600
414092900
407091500
413092900
414093000
411092600
412092700
417093900
411092500
412092600
415093200
411092500
410092100
409091900
412092700
412092600
405091500
414092900
408091700
414093200
409092100
412092600
414093400
410092100
412092500
413092900
415093300
412092600
409092000
409092000
404090900
405091000
409092000
408091800
405091100
404090900
410092700
410092200
413092900
406091200
410092200
405091100
406091200
409091900
412092700
403090600
409092000
411092500
404090800
408091500
410091900
413092900
408091800
410092100
408091800
413092800
415093400
415093300
415093200
412092700
413092900
413092900
412092600
410092200
409092000
411092500
413092700
410092200
412092600
410092000
408091600
407091500
409092000
409091800
408091900
410092200
412093000
410092000
408091600
411092400
412092600
410092400
415093100
406091400
415093400
409092000
410092100
413093200
427095400
467104800
409092100
413092800
412092600
416093600
413092900
413092500
413092800
414093000
406091300
407091500
408091900
408091800
409091900
409091800
408091900
414093100
411092500
415093300
413092800
410092200
409091900
402090400
405091100
405091100
413092700
404090900
409091900
404090900
404090800
407091500
408091700
407091600
415093400
413093000
415093400
412092400
408091800
410092200
411092300
412092600
409092000
411092300
413092900
413092900
404091000
408091700
408091800
409091800
410092200
409091900
412092700
412092700
411092400
408091800
412092600
411092500
413092900
411092400
413092800
409091900
402090300
412092700
407091600
421094700
411092400
413092900
414093100
413092900
409091900
415093500
415093200
410092000
404090800
402090900
405091100
416093500
407093100
410092100
412092600
412093000
413092800
426095800
411092500
411092400
409092000
409091900
411092500
408092200
409092000
423095200
417093700
414093100
409092000
414092800
408091800
410091900
412092500
413092800
417093800
411092400
412092900
416093500
416093900
419094000
413092700
414093200
414092900
410092100
407091500
402090400
426095800
422095200
406091200
428096100
437098400
408091800
414093200
409092000
408091800
409092000
405091100
408091700
407091400
410092400
413092900
420094400
413093200
410092300
417093700
411092400
411092500
412092500
409092000
413092800
409091900
413092900
412092700
410092200
407091700
414093300
412092600
410092000
413092900
413092900
408092000
414093000
417093800
426095800
418094000
407091500
423095200
448100500
478107500
450328700
415093000
428096600
419094000
451615400
441677600
439098600
418094200
426095700
434097700
430096400
423094400
421094800
408091100
436097700
427096100
427095900
411092500
418094200
417093700
422094500
457102100
434097600
422094400
437098300
436098000
430096700
435097700
433097300
426096000
416093900
421094500
453138300
479107100
455102100
421094600
417094100
435097400
458103200
473106500
440098900
422094500
419276700
443099700
421094700
442099400
418094100
442099400
418094000
431096800
422094500
416094000
430096300
421094600
426095900
461103800
461103800
411092300
436098300
445099700
448100900
436098000
416093200
444100100
410091500
434098200
414093100
432097300
439098700
420094300
427096000
417093700
435097800
420094500
419094100
429096600
431096900
427096000
422094900
424095300
419094200
415093300
417093700
413092900
412092600
429096400
424095400
421094700
437098700
421094100
416093500
429096500
431096800
418094000
422094800
415093000
417093700
416093800
415093200
433097200
422095200
417093900
421094600
418094000
414093200
415093200
408091800
412092600
409091900
413092900
441099400
428096400
420094400
420094400
422094900
421094600
422094900
429096300
418094000
422094900
423095000
421094800
427095900
412092600
420094300
426095700
434097700
425095700
419094300
417093800
436098100
430096700
410092200
417093800
448100700
411092500
421094500
428096200
415093700
417093400
417093700
422095000
432217200
412092700
420094400
413092800
415093300
440098800
420094500
424095500
415093000
413092900
408091700
417093800
467105100
453102200
441098900
424095300
427096000
426095200
431096900
424095300
428096400
424095400
470105500
445100000
421094800
424095300
432097000
441099100
421094800
432097000
434097600
463104500
475106900
471105800
444108600
441099200
445170100
461103700
442099400
425095300
412092700
417093800
417093800
437098300
418094000
425095500
422094900
420094500
420094500
414093200
415093300
426095700
428096500
420094500
423095100
420094400
424095300
417093800
414093000
411092400
417093800
434097500
425095600
429096500
422094900
435097900
418094000
429096400
415093200
420094400
415093400
419094200
414093100
412092600
425095800
411092300
431096800
415093300
408091900
420094300
415093400
427096100
417093700
415093400
428095900
412092700
426095700
433097300
453102200
420094500
434097600
452101500
451101700
435097700
418598300
426095800
426095900
428096000
430096700
436098400
427095700
428096200
426095700
430096600
424095400
425095400
420094500
411449000
422598400
423095100
408091800
417093800
413092800
413092900
424095300
412309000
