231052000
231051700
231052200
230051800
230051700
229051600
232052200
231051800
231052000
229051400
232051900
230051700
234052600
235052600
237473900
233053200
235052600
296066500
241054500
231051600
238053500
244054800
241054400
228051000
245055200
234052700
231051900
229051600
248055800
232052100
230051500
232052300
231052000
230051800
231052000
230051800
230051700
229051500
230051700
230051800
230051700
233052400
231051800
232052000
233052400
232052300
232052100
230051900
229051300
227051000
230051800
229051700
228051300
226050900
230051700
235052800
228051400
228051300
230051600
229051500
231052200
232051900
227051200
229051400
234052500
231052100
226050800
229051600
228051200
245055100
249055900
231052000
228051100
232052200
230051600
231051900
234052600
232618500
230842400
231051900
232052400
229051400
231051700
230051300
229051700
232052400
231052000
228051000
232052300
233052300
231052000
230052200
232052300
234236300
230037000
232052000
230051700
231051400
231051900
232052200
232052100
233052400
233052400
233052400
231051900
230051700
232052500
231051900
232052300
229051500
231052000
232052200
230051700
231051800
232052100
230051700
232052100
231052000
231051900
232052100
232052200
233052400
232052200
233052300
231051900
232052200
231051900
230051800
232052100
233052500
231051900
230051700
231051900
231051500
230051600
233889500
230051700
231051900
231052000
232052100
230051700
233052400
232052100
232052200
232052000
232052300
229051500
230051700
230051700
231052000
232052300
229051400
231051900
231052000
230051700
232052200
232052300
230051700
233052500
230051700
231052000
231051900
232052000
232052200
231051400
231051800
230051700
232052200
231051900
230051800
232052100
231052100
232052500
231051700
228051200
228051200
231052000
230051700
230051700
228051300
231052100
229051400
231052000
229051400
231052100
230051600
231052000
233052200
229051400
231051900
230051800
231052000
228051300
230051800
229051500
227050800
230051700
230051600
229051400
231052000
228051100
230051900
238053500
232052200
230051700
230051700
232052300
229051400
231052000
230051700
228051300
232052100
231052100
231051900
233052700
230051400
231052300
230051800
230051800
228051500
230051500
227050900
230051700
228051300
230051700
231051900
230051800
227051000
235053000
229051700
230051700
230051700
229051600
230051700
229051500
228051300
231052000
230051700
227051000
230051800
227050600
227051500
229051500
247055500
230051700
231051900
230051600
228051300
229051500
227051000
228051200
230051900
230051700
230051700
227051100
229051200
227051100
227051000
226050700
227050900
226050800
229051500
230051800
230051700
229051900
230051700
228051200
228051300
228051300
230051800
230051800
228051700
230051800
230051600
229051600
230051600
230051700
228051300
230051800
229051600
230051900
230051800
230051600
230051700
228051400
231051800
244054900
229051400
228051400
231051900
230051700
230051800
230051700
228051200
232052100
232052200
230051800
232052200
230052000
231052000
230051600
246055300
234052500
233052500
230051600
231052000
232052100
233052300
232052300
230051700
233052300
237053500
228051200
231052000
231052100
231051900
232052000
236053000
232052100
234052700
234052600
232052200
232052200
234052100
231052500
232052200
232052100
231051900
233052300
234052700
232052200
231051500
231051900
230051800
231051800
229051600
232052200
231051900
233052100
238053000
231051900
229051300
230052300
231051700
234052800
232052300
229051400
232052200
230051700
229051600
232052100
231052100
230051800
233052300
230051800
231052000
232052200
233052300
232052100
231052000
231052000
230051700
231052000
231052200
230051600
232052300
232052300
233052300
230052400
229051600
232052000
229051600
231052100
230051600
248055700
232052200
232052300
229051500
230051800
231051900
233052600
232052000
229051600
234052500
230051700
229051600
233052200
233052300
231051800
232052200
230051700
231051900
232052200
232052400
232051900
232052300
231051900
231052000
231051900
232052200
230051800
233052300
232052200
231052100
230051500
230051800
228051600
230051300
229051500
230051600
230051700
230051800
227051000
227051100
229051800
231051600
231051900
227051000
230051700
229051400
226050800
230051700
229051500
228051200
230051900
228051300
229051600
231052000
231051800
229051500
230051600
230051800
228051300
232052200
229051500
227051000
231052000
230051800
227051000
229051500
229051600
231051900
231052000
234052600
231052000
231052000
229051500
230051700
231052000
233052300
231051900
230051700
232052400
231052000
230051800
233052400
233052400
234052500
233052600
231051800
231052000
233052300
233051900
233052300
231052100
232052100
231052000
232052200
231052100
229051400
233052500
233052400
233052300
231051500
230051600
228051200
230051700
230051800
230051700
228051200
229051500
228051200
228051200
230051800
227051000
231052000
228051200
225050600
227051100
228051300
225050600
229051600
228051500
230051500
231052100
230051700
229051600
229051600
230051700
228051400
230051700
229051500
229051500
232052200
230051800
230051700
227051000
231051900
233052400
232052400
232052100
227051000
230051700
232052200
233052400
234052700
231051700
232052100
231052100
230051600
232052100
232052100
230051600
232052300
231051900
232052700
233052400
232052200
232052100
231052000
233052300
230051800
233052200
231051900
230051600
232052300
232052100
233052500
230051700
231052100
231051800
230051600
230051700
229051500
230051600
230051900
231051900
228051300
231052000
230051700
230051700
230051700
231051900
229051600
230051700
230051700
231052000
231051800
231052000
230051700
230051800
229051500
232052300
231052000
231052000
229051500
231052000
231051900
231051900
229051400
232052100
232052100
230051700
232052500
231052200
231051900
234052500
231052000
232052100
232052100
230051600
232052100
232052100
230051600
234052600
231051700
232052400
234052500
239053700
233052600
233602200
233052400
231051900
232052300
231051700
231051900
233052500
232051800
233052800
231051500
232052400
232052400
230051700
234052600
232052200
238421200
230051800
233052200
231052100
227051200
235053100
231051800
230051800
230051700
229051500
230051700
232052100
232052100
234052700
231051800
230051800
233052300
232052200
231052000
230051700
232052300
232052100
228051300
240053900
268060200
241054300
230051800
231051900
231052100
229051400
229051600
231052000
231052000
233052300
231051800
231051800
233052400
229051500
230051700
230051800
232052100
231052200
249055800
246055200
231052000
232052200
232052200
230051700
230051800
230051800
232052300
230051300
228051300
229051500
229051500
234052600
232052000
231052000
239039600
232052200
230051500
230051800
227051100
231052000
229051700
229051400
230051700
230051800
230051800
229051500
229051600
229051400
229051500
229051600
228051400
230051800
230051700
231051900
229051700
227051000
235052800
232052300
245055000
230051700
229051600
229051400
231051900
230051800
228051300
231051800
229051500
231052000
230051300
235053000
232052000
227051000
227051200
227050900
230051800
229051500
227050900
231051900
231051900
232052400
229051600
231051900
231052000
228051300
231051900
230051800
228051100
232052400
231052000
228051500
230051800
229051500
229051500
231051900
231052000
231051900
230051700
231051900
230051700
231052000
231052000
229051500
232052100
231052000
232051900
231052200
232052100
230051800
229051500
231052000
230051800
232052200
233052400
229051500
232052200
231051800
231051900
232052200
235052800
233052400
232052200
232052100
231052100
231052000
231052000
230051700
233052400
233052400
232052200
231051800
230051700
232052100
231052100
230051600
233052400
232052200
230051600
231052000
228051200
230051800
229051400
230051700
229051500
233052600
232052100
228051200
229051600
228051300
227051100
231051800
230051700
232052100
230051900
229051600
229051600
227051100
230051700
230051700
227051000
229051500
225050600
226050800
228051200
232052200
230051700
230051700
229051500
229051500
229051500
228051100
224050400
229051500
227051000
227051100
226050800
229051600
227051200
231052000
231051800
229051500
232052200
232052200
231051900
232052000
234053100
233052000
232052000
232052300
231052300
232051900
231052000
230051700
233052300
232052600
231052000
230051900
229051400
230051800
252056800
229051600
231052200
230051900
232052100
232052300
233051900
232052800
231051700
230051700
240053800
239054000
228051300
237053300
242054600
231052000
231052100
230051900
230051400
235053000
231052000
253056900
227050700
227051000
228051300
228051200
227051000
227051000
227051100
225050600
230051800
229051400
228051400
231051800
230052000
231052200
229051400
233052400
231051900
233052300
232052300
232052100
232052000
233052300
233052400
232052200
232052200
233052300
231052000
232052100
230051700
232052100
233052300
232052100
231052100
230051800
234052500
230051800
231051800
232052200
233052300
232052300
231051800
230051700
227051100
228051100
228051100
227051100
231052200
232052200
230051700
231051900
230051800
228051200
229051500
229051500
230051800
229051500
230051800
230051800
229051500
229051600
230051500
229051600
230051800
230051700
229051600
229051600
231051800
229051400
229051500
229051500
230051700
231052000
232052300
230051400
230051800
231052100
229051400
230051800
229051500
232052200
232052200
230051600
229051500
229051600
228051200
228051400
228051200
226050900
231051800
229051500
229051500
230051700
231052000
231051900
229051600
231052100
233052400
232052300
231051800
232052100
231052000
232052100
231051900
230051800
232052300
232052300
231051800
231052000
233052500
233052400
231052000
232052100
230051800
231052000
233052300
230051700
233052400
233052300
231051900
230051700
232052100
228051200
230052300
228051300
231052000
230051800
227051000
231051800
230051700
230051700
229051500
229051500
229051400
227050800
228051300
229051800
231052000
233052500
232052100
229051500
228051300
228051400
227051000
228051200
228051300
226050800
228051300
228051300
228051200
231052000
228051200
228051200
228051300
230051800
233052400
232052100
232052400
230051800
229051400
227051000
225050600
229051600
229051500
228051200
226050800
229051500
229051500
230051800
229051500
228051500
227050900
226050700
230051800
232052200
230051600
230051800
230051700
226050800
232052200
228051200
233052300
230051800
228051300
229051500
230051700
231052000
