968217500
966217100
964216800
953214400
957215000
992223200
976219300
966217700
968217500
985221600
975219100
961216000
996223900
1005127400
1049988500
1040233700
988222100
960215600
967217500
972218800
982221100
979723700
983522900
977420200
983101100
988279600
984221300
983221300
981849000
989222400
996223600
974219100
988222200
1030231400
968217700
983724900
969217800
987221800
967217400
968217700
974219000
955214700
967890600
972218600
961215900
966217100
958215300
967217300
964216800
970218200
971218200
963216600
958215300
959215600
965217000
968217800
963216600
965217000
962216300
966217600
964216600
972218600
967217400
962216300
960215800
960215800
963216500
970218100
960215800
964216800
966217100
960215900
963216500
972218500
963216600
964216900
958718900
972218600
965217000
975219300
972218700
959215700
952236100
966965900
971218400
966217100
961216100
960215900
961216200
967217300
959215800
966217200
970218200
962216300
972218500
971218300
968217500
990222700
988222400
998374400
987843900
985978800
989877900
992121500
965217000
1066239900
1006225800
1002225400
1026368300
1000222900
1014971700
981220500
972218700
979219900
993223300
1023930700
1021636100
989208600
1010227200
1006226100
1022229800
974219100
983221300
989222400
980220300
988222100
979220100
989222500
991726800
988222100
979220000
979220000
968217500
982220900
977219400
973218900
993222800
994223800
983221000
986221800
976219400
974218900
972218500
978219900
985221600
995223900
979220100
986221600
974219200
983703800
975219300
983221100
978219900
969217900
991222900
988222100
988222200
984221200
976219300
972218600
983221000
988222200
988221900
981220500
1003225400
979220200
968217600
973218800
981220600
964721000
982220500
980220200
972218700
974219100
970218000
966217200
966217200
976219500
982220600
975219100
976219600
979220100
969217800
972218500
970218100
978219800
972218500
972218400
975219200
980220300
980220300
978219900
980220300
978220100
972218400
968217500
974219100
968217700
978219900
978220000
977219600
973218800
974218900
975218900
976219700
979993500
977219700
974218900
984724900
978219500
984221200
980220400
981220500
978219300
981220800
969217900
983221100
979220200
973218800
977219600
989222600
985221300
999224600
981220500
997224300
984221300
978219800
989222300
985221300
966217500
976219400
974219100
985221500
975219300
972218500
982220800
980220300
979220300
974219300
971218500
986221800
1003225600
981220700
983506500
985616200
975219000
1007217200
990222600
976219400
1001225000
985221500
981220600
979220100
986221500
995064000
994223300
968217800
970218300
992881400
974219000
966463100
994236400
984022300
990222600
978953300
977655900
1017865700
993176600
1024828300
999225300
1054668500
1008226300
1006226000
986252300
973218700
994223800
979219500
995714300
1000224900
994040000
986221900
975219300
973218900
974219100
997166700
1035055400
1025322100
974627200
971218500
976219400
981220400
994223200
989222600
985221500
992727000
989222700
991660900
963216300
960216000
998163000
1003608500
998795500
1059259900
1010060400
968218000
969217900
968217600
1012227400
1013088000
994223400
980220400
972218600
974219200
979220400
973219000
982220700
967217500
969217900
971218700
981220400
977723600
976219400
970218200
978220000
974219100
969721900
971218300
968217600
970218700
976219600
969217900
975219400
972218600
977219600
968217600
979220100
983221200
978220400
983221300
973218700
991222800
977033100
987894100
982220900
1013538800
982105500
988149900
981220500
975219600
982220900
976219400
978219900
978220000
983220700
976219400
979220200
981220600
973219100
978219800
984221400
968217800
971218400
978219900
967217500
978220100
988222200
975219300
971721500
975219200
975219200
978219800
986221800
972722200
983221200
982220700
978219800
969217800
977219900
969217700
975219200
982220800
970218100
981220700
980220400
982220900
975219200
982220800
977219700
982220800
973218700
977219900
971218200
975219300
1000224900
974219100
974219100
971218100
979220400
981220400
976219400
975219200
980220400
996224000
982220900
970218100
983220700
973218800
974722800
976219400
990222700
974687800
977219700
996224000
989222200
980220400
977219500
1006226200
982220700
987784700
990356800
987222100
1035415600
1022169100
1002392800
963189300
989172400
971722600
965217100
964216700
965217100
958215600
962720100
959215600
967217500
978219900
968217500
971218500
964216800
974218900
964217100
975219400
967217700
1013227700
974219100
973845800
962216300
995223800
959215600
963216600
969217800
968217700
951213800
955214700
972218700
969218100
968217700
980064300
973218700
960216000
968217400
967217400
971218200
968442600
964104300
964216900
967228000
966051900
968217300
963896100
971218500
977219700
962216500
990275900
964014800
969898600
964572900
973644300
967217400
971218500
959215600
960215900
952214000
956214900
953214200
963216600
961216000
968217900
968217500
972218700
968217500
965217000
963216600
973218600
963216600
968217800
978219800
967246600
963244200
968242100
967767200
970675900
967355800
973218800
972218600
969334200
961050900
963624000
953214400
966217300
961216000
957215100
984221100
956214800
951213800
967671800
963216500
967217500
963216600
950213700
961216100
973748000
962740600
960215900
960493600
957214900
955734900
967217400
964216800
959215600
957215300
968217700
956215000
958215400
961216100
969217800
960215900
961216200
962216500
970717300
954869400
959215600
974219000
973218700
959215700
966217400
956214900
962216300
962216000
970218100
967217500
962216400
966217100
959215800
959215700
972218600
956215000
970218000
967217100
973218900
956215200
961216000
969218000
964216700
960215700
960215800
962216500
964216800
968217600
966217100
977330700
1056910200
979220200
969218300
970218100
972218600
974218900
974219000
984221400
990222700
976219400
987222000
983999400
988214100
997224300
985221200
968217500
998728700
998676600
984694900
978220100
973218700
971218500
969217800
964216700
980724500
983221100
984221500
975219200
970218100
979725600
970218200
979220200
973218800
979220000
966217300
979221700
980220500
963216500
972218600
980220600
969217900
973218900
967217500
985221500
968217600
974218900
980220500
975219200
967217400
979220300
1005225900
987222100
975219100
970218100
963216600
977219700
972218500
971218100
975219800
972218700
970218100
965217200
980220300
969721200
970218200
975219200
973218900
979220200
971218400
969218000
974722700
977219900
990222600
979219900
963216500
968217600
986221800
973218800
976219500
979384300
987322200
1007226600
999224500
977219400
985221500
967217400
975219200
967217200
975219300
978219800
978219700
978220200
987222000
976219500
972218500
964216800
971218400
982220700
972218800
971218300
972218600
967217300
985221500
983724800
975219200
979220200
974219200
981220700
966217100
980724300
970218100
977219700
980220600
986222100
978220000
975219200
977219700
970218000
974219000
984221700
973218900
972218600
975218700
965216900
989222600
976219500
978220100
986221800
983219200
970218100
983221000
972218600
975219200
971218400
978220000
970218100
971218400
976219400
978219700
982220900
979220100
976219600
976219400
970721800
972218600
968217300
962216100
975219300
977219800
966217300
973722600
981220400
977219700
972218600
972218600
977220500
974219100
973218600
977219900
977219500
973219100
975219300
981220600
971218200
981220500
971218400
966217000
976219300
968217600
964217000
973218500
969217800
979220100
968217600
972218600
972219100
970218000
971218500
975219200
967217300
979220200
973219000
965217200
985221000
971722200
973218700
984221200
969217800
973218700
976219200
977219600
968721100
980220700
1027230700
1018361900
980220700
968217900
976219400
983221100
970217800
983221200
989222100
974218800
981220800
975219100
968217600
975219200
980220400
974218900
977219900
991222800
980220200
970218200
974219000
983549800
987221800
990222600
985653000
992222800
971218600
976219800
992726400
994223500
990222600
978219700
962115300
988222000
968217700
955718500
966217100
991223000
989222200
1033340300
992153300
1030104400
984095400
979735200
984119000
976705900
959215800
981220600
976219500
972218700
980537800
968217900
979220000
966217400
972218800
966217100
952214000
970218300
983221300
986221500
963216200
968217600
954214500
975219300
974723000
976219200
961216100
990222500
993223100
976219400
965217000
980842500
962216300
964216400
958215900
965216900
972218600
969217800
964216800
966217100
974218900
965216800
967217400
990090900
978220000
973218700
964309400
976219600
962216400
962216400
1001225000
966217200
969217900
962216200
962216500
955214700
973218700
970218100
979220100
975699200
982220700
989222500
984221300
970721800
960215900
974219000
952214000
962216200
966217200
996223900
996728100
988222200
1010227100
979220300
987221900
970218000
979220100
987221800
970218000
962216300
974219000
976219400
979220100
968217600
971217900
979220100
986781200
968217600
966217400
968217600
968217700
973218300
980220600
970218000
1003225600
974219600
974219100
985560700
1002410600
974197200
971218400
967217500
974242000
963742200
970218200
963216500
972218500
957215200
968217700
975111900
976191500
984221000
958215400
971218400
976219500
984229500
983221400
983221000
965217000
972218600
973794500
959215600
980220300
969217800
970218200
979220100
971218400
984221300
978220000
972218700
972218500
956214900
959215600
985221600
994223700
977219500
958215400
965217100
963216600
964216900
969217800
969217900
967217500
964216700
980212400
973961000
970338700
974219000
969217900
967217500
960215900
959215600
962216400
962216400
966217300
959215700
963216400
954214500
963216600
966217100
963216500
964216700
960215700
965217000
972419900
971724100
960215700
968217600
969217800
973218800
973218900
967746400
972763900
973219400
969892900
966913100
960208600
969218000
970218300
964216800
970218100
961278800
968972200
965216900
960215900
1004073600
987982800
993765900
972174600
968217500
968156100
970159100
968217600
980220400
968217700
963216600
975723600
968217700
966217200
964216800
967217400
963216500
978723800
984221200
970218100
980220400
964216700
986561200
999224700
1000224400
960215900
958215400
967217500
967217400
970218200
962216300
963216600
968217700
962216300
957215300
985221400
966217100
972218600
949213300
961216100
972218800
965217200
963216500
967217500
950213600
963216600
972218300
