542122000
539121200
545122300
538121000
534120400
529119000
527118600
540121400
539121400
594133600
538120800
526118200
532119100
534120100
535120200
533120200
537120700
539121600
536120700
534120000
536120600
531119400
527118400
527118200
529119000
535120400
534120000
530119200
535120200
537120800
531119300
536120500
538121000
540121500
541121500
533120000
556125300
538120900
535120300
537120900
533120000
536120500
536120500
539121200
537120800
534120100
528118700
534120100
529119100
524117900
530119200
532119700
530119300
532119700
534120100
531119300
530119100
527118500
537120900
531119400
531119300
532119600
531119500
526118300
530119200
528118600
536120500
531119400
532119800
532119600
529119000
534119900
530119100
531119300
529118900
531119600
532119700
533120000
527118600
529118900
534120100
528119200
529119000
528118700
529118800
530119000
529119100
529118900
539121000
532119900
544122000
530118900
531119500
534120100
537120500
532119700
538120900
537121000
534120100
538120600
538120800
534120200
531119500
528118200
530119300
553124100
531119500
535120400
536120300
536120600
535120300
530119200
528118700
526118200
530119200
525118000
527118500
528118900
544122300
529119000
532119700
530119100
533119800
534120000
532119900
530119300
523117900
526118300
536120600
533119800
531119400
533119700
524117800
521117200
521117200
529119000
531119400
528118700
533119900
532119800
534120100
535120300
533119900
533119900
532119600
530119200
529118900
528118700
529119000
530119200
532119600
532119600
531119400
532119600
532119800
531119500
532119400
530119200
531119400
527118500
533119800
528118600
533119900
533119800
524117900
527118500
530119200
532119700
532119600
530119100
533119800
537120700
531119300
538121000
554124500
532119500
535120400
537120900
552124200
535120100
549123600
545122400
533120000
538121000
534120100
535120300
536120500
536120500
534120100
534120100
533119900
537120900
553124100
572128100
548123500
530119200
535120300
532119700
532119700
535120200
534120100
534120100
537120400
537121000
532119700
537120600
541121700
533119800
533120000
534120100
529119100
536120500
534120000
533119900
535120300
526118200
529118900
535120300
527118300
528118800
528118700
532119700
530119400
534120000
532119600
532119800
532119700
531119400
531119800
528118800
531119700
532119700
532119700
530119100
528118700
536120600
530119100
532119600
531119500
531119400
529118900
528118800
533119800
532119500
523117500
530119200
535120400
522117400
525118000
536120400
529119000
532119900
530119200
529119000
533119800
532119700
533119800
530119000
534120100
537120900
534120100
539121100
534120100
534120100
532119600
532119500
536120500
531119400
529119000
531119300
530119100
542122000
539121200
526118200
537169500
539121200
531119200
531119400
532119500
529118900
543122100
530119100
538120800
529119000
529119100
533119800
541121600
527118300
529118900
530119200
534120000
532121200
533120200
536120500
536120500
531119400
536120500
535120500
541966400
539121100
536120500
539121200
538120900
534120200
540121400
534120100
530119100
534119900
536120400
534120200
536120500
533120000
534120100
534120100
534120100
532119700
534120100
531119400
527118500
534120100
538121100
533119900
533119700
536120600
531119300
531119400
531119400
530119100
534120100
533119800
531119300
535120300
532119700
534120100
537120800
535120200
538120900
538121000
534120000
532119700
532119700
532119700
529119100
526118500
529119000
532119600
534120100
530119300
537120700
536120600
535120200
537121000
533120000
533119800
528118800
534120000
537120600
538120900
533119800
534120100
534120000
531119400
534120100
533119900
534120100
534120200
538121100
533119800
535120100
531119300
529118300
528118700
535120200
534120100
533119900
534120100
532119700
539121200
531119500
530119200
532119500
532119500
532119500
533119800
534120000
531119400
528118800
532119800
530119200
527118600
524117900
530119000
532119700
533119600
528118700
530119300
534120000
529119000
525118100
528118700
522117400
533119800
524117800
524117800
526118300
534120200
530119100
533119800
535120400
536120400
534120200
536120400
535120200
533120000
533119800
533119900
533119300
532119500
529118900
536120600
538120900
530119200
531119400
526118400
528118800
529119000
528118800
536120500
533119800
525118000
540121500
539215100
533119800
534120300
533119900
535048100
537120700
532119700
537120700
563126900
551124100
535120200
536120500
538121000
539121300
537120800
540121500
536120300
534120000
535120300
538121000
535120300
545122600
537120800
537120700
535120200
535120300
533119800
537120700
535120200
530119200
531119400
532119600
527118500
543122300
544122600
530119200
528118700
532119700
532119600
536120600
547123100
533119900
536120400
539121300
538121000
536120500
537120800
536120700
535120200
534120100
533119900
531119500
535120400
534120000
535120300
537120700
533119900
530119300
537120700
534120100
536120400
533119800
535120200
536120600
537120700
532119600
534120000
538121100
525118000
532119600
526118200
527118400
532119600
528118800
527118500
531119400
536120400
533119900
533119800
531119400
538121000
529119000
533120000
532119600
535120300
533119800
536120500
538120500
534120000
534120100
532119600
534120100
537120700
536120600
535120500
539121100
538121000
528118600
534120100
538120900
535120400
530119200
535120400
534120200
538121100
535120300
533119800
538121200
534120100
532119700
536120500
535120300
536120500
535120200
537120700
538121000
538121100
537120700
539121100
544122300
535120300
538120900
535120300
535120400
536120500
535120300
535120400
532119600
534120000
534120000
539121200
531119300
529118900
531119500
534120100
536120600
536120500
535120400
538121000
535120500
534120100
537120800
534120200
533119900
533119900
532119600
529118900
532119700
534120100
532119700
528118800
531119400
536120500
532119600
534120100
533120000
536120500
537120800
532119600
531119400
534120300
532119700
532119500
528118600
531119400
533119900
529118900
527118600
531119400
535120300
537120900
534120100
532119600
534120300
535119900
535120300
535120400
535120300
536120600
534120100
535120200
533119800
530119100
529118900
529118900
533119900
537120900
532119700
533119800
536120400
538120900
534120000
532119600
532119600
535120300
533119900
532119700
535120300
531119300
528118800
529118900
529118900
533119900
533120000
533119900
536120600
536120500
533119900
535120100
529119000
530119100
534120200
529119000
532119600
533119800
526118200
528118700
532119600
531119500
526118300
530119200
526118200
528118700
529119000
526118300
532119700
528118700
528118700
536120500
537120700
536120500
535120400
532119600
532119600
532119600
536120600
528118700
532119700
534120100
537120800
536120500
537120700
534120000
532119700
538120900
531119800
532119500
532119700
531119300
528118700
528118800
526118200
532119600
526118200
532119500
531119400
528118700
531119400
534120200
536120400
532119700
534120000
532119500
532119500
526118200
528118700
529119000
537120800
529119000
532119500
539121100
526118200
524117700
528118800
530119200
532119600
531119400
531119300
535120300
531119300
535120200
532119500
535120400
533119700
533119800
530119100
533119900
529119000
529118800
524117700
523117600
526118500
528118700
523117700
525118100
526118200
523117600
523117500
522117300
525118100
529118900
530119200
524117700
526118300
528118700
529119000
529119000
529119000
528118700
529119000
527118400
529118900
529118900
526118300
526118200
543122000
530119200
530119100
532119500
536120500
525118000
529118900
526118300
524117700
531119300
526118300
524117900
529119000
529119000
532119600
530119200
537120900
535120400
539121300
534120000
538120500
534120100
536120600
535120400
531119300
527118500
533119900
534120000
525118000
530119200
525118000
526118200
528118700
533119800
530119300
536120600
535120300
537120500
537120800
533119900
537120800
528118700
526118400
531119400
531119300
529119000
537120800
532119600
527118500
536120500
531119400
532119700
533119900
532119800
535120300
534120100
536120400
536120500
536120600
537120600
535120300
545122600
573128800
530119200
527118400
529118900
530119300
531119300
530119100
531119500
537120600
534120200
534119900
531119500
531119200
535119800
533119800
533119900
531119300
532119600
528118700
533119900
535120400
532119600
533119800
536120400
536120500
536120600
534120000
534120200
536120400
532119600
534120100
534120000
532119600
535120400
535120200
533119900
536120500
535120200
538121000
535120400
536120400
536120500
535120300
538120900
538121000
532119700
534120100
535120200
529118900
527118500
526118400
527118400
532119800
528118800
526118300
530119300
528118700
531119400
532119500
531119600
533119800
533120000
535120300
530119100
533119900
534120100
530119000
526118300
524117800
526118300
526118300
529119100
532119600
534120000
533119700
535120300
533119800
533119700
537120700
536120600
532119900
533119700
536120500
531119300
527118400
526118400
527118600
527118700
534120100
540121500
564127200
593133300
600135400
580130800
574129000
535120300
536120500
530119200
535120200
549123200
535120200
539121900
557125100
530119200
532119600
531119300
533119800
536120600
534119900
534120100
533119800
527118500
531119400
536120600
527118600
532119500
532119600
535120300
533119800
529119100
527118500
535120300
533108600
535120500
536120900
531119200
530119300
536120600
530119200
533119700
526118400
524117800
527118400
525118000
526118300
527118500
529118900
529118900
524118000
529119100
537120800
531119400
531119400
532119500
531119500
534120000
531119400
530119100
527118500
536120500
529119000
527118400
537121000
529119000
527118500
536120500
530119000
532119600
538120900
533119800
537120600
534120100
535120300
538121000
531119500
534119900
530119100
527118400
529118900
530119200
529118900
531119400
529119000
533119800
521117100
522117300
528118800
527118500
531119300
531119500
529119000
533119900
533119900
528118700
533119800
523117600
525118200
526118200
526118300
528118800
535120300
533119700
535120300
534120500
529118900
534120100
532119600
530119200
534120100
525118100
522117300
532119700
524117800
531119300
522117500
527118500
523118100
527118600
529119000
527118600
529118900
534120000
532119600
531119400
531119500
531119400
534120200
530119200
530119100
529119000
532119500
533118800
529119100
535120200
531119400
535120400
533119900
