9082645697806180241250734819943966138288324065011274220136788616795588040769124798992177023486521533334810987116892603868491068117746285706243970621062181
12270532411396702064490651072846382205433386092190296949105085639925531251944789853198584898605837765412382588989365439984546720055030921837154816773291069
12242060035317539807532671939912723621706050792159386145230841868610305644392367922311075394451464501185981174599815802307633226142930823575803740131323167
7507250856313210756021036802983982573770955237604296803008982962167597141958328314207421110647689767502380828778251105740705097743169768129543596516836969
9311316765720965659263996684820337126617772877844740033221427376538603113127969670353724577750991631454466913198474590713965197381179477457632174163359811
8585153154925184190009028226320285083042416598530410208378987778377439069144878729976963918802904676069479909615358743042727417220550567988632282517315641
8057960900809574233486469253266180804283726477602570792468368866898899639785136181726901101809478731543450615673348396551259760998029683376141999567142861
12814595441732676669339316860081584570742253043572875245549962849013914656956519045823205554314104664184458197228498967532587774490674527536148678014194083
11338402559137680444556422775648783079182613335206155359730358427404112245230536305575710814420083125350157876076678966119140249974459175833100957452633213
12597561426199885100862357982197792136260678831153963171761635253020124186509152674762399378827309072825046087339952229572178886609008006722653779135190381
10902074503076363694441991542381071774356774787524547428318548418137051997404844392438079134560721223267164986367321455413848383960192723847220006717552481
8064652912259860083512088121161888228142491743657075233096622040584982975377352783669887488725743879487514893373510791391114959032048309174956422892041613
6783717985629989676915868290015538703563381007077528094086723252584396714841355062302689626326592522769834530602007951090313187927239632221911860584352153
11379599642526109414644335854424413008614400976524997914203188468237137315082343809462321854056623610219297811556783023060931371953580134545760226414221659
13182183201267785451689563214728276561135619593099512205242914793083593043390738027755561285060087881810054411832305470777740739657450778501899046289915273
8655872269781499529895670006585068110451837666267751694198667567519655937127808718350293158876283005124710754476315163277910861423525315144775251961211821
13275474425570777353042817077323059313179666756534089133768194022344090833048998378600518989047974567594167326086690295222970098942200682481778717458026599
12323968285667152915389107229451367713455608906647072965147865929914566848872713942527287008916417885294911071764095669968854697538753089294894730694527021
9735918340437693375333712157382021086091967871275391672206659623232036422849219001916169014510928645417253672211324418591716686058974083107221037934873183
9222860653474843975641090751417130391114630254416178665181327172214329561109290242847193962489693027664115583102862060487621166219106894281950513039043991
9244759356203094565957457194492612811065282002475312663898634674941741110022967828741583866178111745542748322162767423482533978926426620940882852524464297
10568586424996810376418967006986485373341349016923973179844831897187794612669399640883061629051477786415194619716480546545048185558044300968498370229593989
11982996958522319623501382801451731420132961158362327325352284789619815253393112606354114160591348081482299065080881102996718905624007851226359556091654287
8552813609339554684434746140825391741602710544880541217232024950156632377941724507319033523180633677302973580584149151118465025153355519030012834063433723
9333223280412046131889856968325589426351301401347551370846397843631852820776850217443990942063817097459442847442017202530482483076311085778229312870745517
12652684297737260978575905306107099431758724763192269241713177055653755177684960253650657284526621229375493504454915552971835293443782532134030428352164641
12371737164866350687928841835154676275664498649601839211279725862860624726300794127491210571145626349845057503110910201490486927353595739546467784182866007
11810236754977688858245149225802362487862446169310821161154173157987642736493721769067820924804842285918674220365279053039079756786557134779268448307857231
8248632114881666690138117581368869695526953664363893557833683745043400757813591761317733706426405547881565276815419045946060090863563973277083296185512237
13131462542076545175249032238283758412304840103214669022426494608502309272470185996821132561687302660898985303335929071223057888536005489965798836456346039
9542626775241575452414663558259910884311320874392585681714739397739535406938770669329728556610645702691727800080413264362247228873725404120034581547541957
8693951782824676371037361582038158231318493148792096967779541737223348602619424512629254073297602802672376166173196193439176875635363042518823046753771973
7215608789636340993210365257271458431036925413612208857774574609182416908960403272365882950340837745724570732636460688253991991389377609824094916099930167
9449988441027542198736194893012309565246936620199702330161374809451139581803394626285106482531354585514609691539387967098827581466921961254751100176106667
8543057238051407764792560852026069961585339749484429647096504297781619312255944576430150073282008125492241984840732535892784846297208182248530324588339987
9627093653531417122870429738397759845628415099136870861026959414714726678476984703664574558857342991812881814096965465440776505991223063520525007655616679
13164001881968150498046841060561415503828695945901994785110374722792448721375468328522848765850698430250603280839332461101321860528452114211544201010597841
12823071713425782673177029171334335143115825079484643752816282952526663703979401094625581680281261777141545273981204219974124955337680338842112854527830319
10614213728287126629926211024695661244798438897436742739637467324343820379341604377156199955775499790408722869185935820604678194013309562706056110417723601
8786912274714239769084738999138973918503726056262059277904070995175269485065464828984379189325575417517024472625732106064449584920687767724384705951295167
8074421989252931872668170998065553169378621368252395247094869874613371353322354733437021395346347923174427070187682437076927610207681389240902552967211003
10763735548680215872705453481585146895092118102861153079163706495174381709718581526998701497379077971209520382822510963254252542093000373106925043935747161
9703055461245456434118880681681263166800136889896406431806914591187189160466763352983105701968085447075969170275542428483470333100395228752068313115693917
12704091587275945898917588474411637522207988067298380009043233267058379309343621339623192455761549156477349239244246960650818212092915228097711887786889119
6851631959047388144160973469504079458049583430742532997625432123016594804360777160712504552743985551054439448125604661928510894463633775546999688071862281
8285329100714668904422169064436313889524195453172079087265718236788974480059664305882086887096821417542837130608869583330547928513755564095508514491031721
