2000500
2000400
2000500
2000500
2000400
2000400
2000500
2000500
2000400
2000400
2000500
2000400
2000500
2000100
2001000
2000200
2000500
2000400
2000800
2000100
2000500
2000400
2000400
2000500
2000500
2000400
2000400
2000500
2000500
2000300
2000600
2000400
2000500
2000400
2000500
2000400
2000500
2000400
2000500
2000400
2000500
2000600
2000300
2000500
2000600
2000300
2000400
1000200
1000600
2000200
2000700
2000400
2000500
2000300
2000400
2000400
2000700
2000300
2000400
2000400
2000500
2000300
2000600
2000400
2000500
2000400
2000500
2000400
2000400
2000500
2000400
2000500
2000500
2000400
2000500
2000400
2000500
2000500
2000500
2000600
999800
2000600
2000200
1000500
1000200
2000600
2000300
2000400
2000500
2000500
2000400
2000500
2000500
2000400
2000400
2000400
2000500
2000400
2000400
2000500
2000500
2000500
2000300
2000500
2000500
2000500
2000300
2000500
2000500
2000500
2000400
2000500
2000300
2000600
2000400
2000500
2000400
2000500
2000400
2000500
2000400
2000400
1000300
1000300
1000400
2000800
2000200
1000200
1000400
1000700
2000500
2000500
2000400
2000400
2000500
2000400
2000400
2000500
2000500
2000400
2000500
2000400
2000500
2000400
2000500
2000400
1000200
1000100
2000500
2000500
2000400
2000500
2000500
2000400
2000400
2000500
2000500
2000400
2000400
2000500
2000500
2000400
2000500
1000200
1000200
2000400
2000500
2000500
2000400
2000500
2000400
2000500
2000400
2000500
2000400
2000500
2000500
2000500
2000300
2000600
2000300
2000600
2000300
2000700
2000200
2000000
2000900
2000500
2000400
2000500
2000400
2000500
2000400
2000500
2000400
2000500
2000400
2000500
2000600
2000300
2000500
2000400
2000400
2000800
2000300
2000300
2000600
2000200
2000500
2000500
2000700
2000200
2000400
2000500
2000300
1000400
2000300
2000700
2000200
2000600
2000400
2000500
2000500
2000400
2000400
2000400
2000500
2000400
2000500
1000300
1000500
2000200
2000500
2000400
2000500
2000400
2000500
2000400
2000500
2000300
2000600
2000400
2000400
2000500
2000500
2000400
1000200
2000700
2000300
2000400
2000500
2000300
2000600
2000700
2000100
2000500
2000300
2000600
2000400
2000400
1000400
1000300
3000700
1000200
1000300
2000400
2000400
2000600
2000400
2000400
2000500
2000500
2000400
2000500
2000300
2000600
1000200
1000200
2000500
2000400
2000500
2000500
2000400
2000500
2000400
2000400
2000400
2000200
2000900
2000300
2000500
2000400
2000500
1000200
2000400
3000800
2000400
1999800
1000500
2000300
2000500
2000500
2000300
2001100
2000600
2000300
2000300
2000700
2000300
2000100
2000700
2000100
2000900
2000400
2000500
2000400
2000500
1000100
1000300
2000300
2000500
2000500
2000500
2000400
2000400
2000700
2000100
2000500
2000000
2000900
2000400
2000400
2000500
2000500
2000400
2000500
2000600
2000400
2000400
2000400
2000500
2000600
2000200
2000600
2000500
2000400
2000300
2000600
2000400
2000400
2000400
2000400
2000700
2000400
2000300
2000500
2000400
1000300
1000300
2000400
3000600
2000500
2000500
2000400
2000500
2000400
2000500
2000500
2000600
2000200
2000500
1000100
2000500
2000500
2000400
3000600
2000600
2000300
1000300
2000600
2000300
2000500
2000400
2000500
2000400
2000500
2000400
2000500
2000400
2000500
2000400
2000400
2000400
2000500
2000400
2000500
2000600
2000400
2000600
2000300
2000400
2000500
2000400
2000500
2000400
2000500
2000600
2000300
2000400
2000500
2000400
2000500
2000400
2000400
2000500
2000400
2000500
2000500
2000400
2000500
2000400
2000500
2000400
2000500
2000400
2000500
2000400
2000500
2000400
2000300
2000400
2000600
2000700
2000200
2000500
2000500
2000400
2000600
2000400
2000600
2000100
2000500
2000400
2000500
2000500
2000000
2000900
2000400
1000200
1000200
1000200
1000100
1000200
2000500
2000500
2000400
2000500
2000400
2000400
2000500
2000500
2000500
2000400
2000500
2000400
2000600
2000200
2000600
2000300
2000600
2000400
2000500
2000300
2000500
2000500
2000400
2000400
2000500
2000400
1000300
1000200
2000400
2000500
2000400
2000500
2000400
2000600
2000300
2000400
2000500
2000400
1000300
1000200
2000400
2000400
2000200
2000700
2000500
2000400
2000400
2000600
2000300
2000500
2000600
2000300
1000200
2000500
2000400
2000500
2000400
2000500
2000400
2000500
2000400
2000500
2000400
2000500
2000400
2000600
2000300
2000400
2000500
2000500
2000500
2000400
2000500
2000500
2000400
2000400
2000500
2000400
2000500
2000400
2000500
2000400
2000400
2000400
2000500
2000500
2000400
2000500
2000400
2000500
2000400
2000500
2000400
2000500
2000400
2000500
2000500
2000400
2000400
2000500
2000400
1000200
1000200
1000200
3000700
1000100
1000100
1000800
2000500
2000300
2000600
2000300
3000300
2000800
2000500
2000400
2000500
2000500
2000500
2000300
2000700
2000200
2000600
2000400
2000500
2000300
2000600
2000300
2000600
2000300
2000600
2000300
2000500
2000400
2000500
2000400
2000500
2000500
2000400
2000000
2000900
2000400
2000500
2000500
2000400
2000500
2000400
2000600
2000300
2000500
2000400
2000500
2000400
1000300
1000100
2000500
2000500
2000400
2000500
2000400
2000500
2000400
2000500
2000500
2000500
2000300
2000500
2000500
2000400
2000400
2000500
2000400
1000200
1000300
2000300
2000600
2000400
2000500
2000400
2000500
2000400
2000000
2000900
2000500
2000400
2000500
2000400
2000500
2000400
2000500
2000400
2000500
2000400
2000500
2000500
2000400
2000500
2000400
2000500
2000400
2000500
2000400
2000500
2000400
1000300
1000100
2000500
2000500
2000400
2000500
2000400
2000500
2000400
2000500
2000400
2000500
2000700
999800
1000200
2000400
2000500
2000400
2000500
2000400
2000500
2000500
2000500
2000400
2000800
1999900
2000400
2000700
2000400
2000800
2000000
2000500
2000600
2000200
1000600
1000300
2000300
3000500
2000400
1000300
2000400
2000500
2000400
2000400
2000500
2000500
2000500
2000400
2000500
2000400
2000400
2000500
2000400
2000600
2000400
2000400
1000200
2000500
2000400
2000400
2000500
2000400
2000900
2000100
2000400
2000500
2000700
2000300
2000300
2000700
2000200
2000500
2000400
2000500
1000200
2000600
2000300
2000800
2001000
2000500
2000400
2000900
2000100
2000400
2000400
2000500
2000600
2000200
2000600
2000400
2000400
2000500
2000500
2000400
2000400
2000400
2000500
2000500
2000400
2000400
2000600
2000400
2000400
2000400
2000500
2000500
1000100
1000300
1000200
1000200
2000400
2000600
2000300
2000500
2000400
2000400
2000500
2000500
2000300
2000600
2000300
2000500
2000500
2000400
2000400
2000500
2000400
2000600
2000400
2000400
2000500
2000400
2000500
2000400
2000500
2000400
2000500
2000500
2000400
2000400
2000400
2000600
2000500
2000300
2000400
2000500
2000400
2000400
2000500
2000500
2000400
2000500
2000500
2000500
2000300
2000600
2000400
2000500
1000200
2000400
2000400
2000500
2000600
2000300
2000400
2000500
2000500
2000400
2000500
2000400
2000500
2000400
2000500
2000400
2000500
2000300
2000500
2000400
1000400
1000300
2000500
2000400
1000100
1000200
1000200
2000500
2000500
2000500
2000500
1999800
2001000
2000400
2000500
2000500
2000400
2000400
2000500
2000900
2000100
2000300
2000500
2000400
2000600
2000400
2000500
2000300
2000600
2000300
2000500
2000400
2000600
1000100
2000500
3000800
2000300
1000300
2000400
2000400
2000500
2000500
2000400
2000500
2000300
2000600
2000300
2000600
2000300
2000500
2000400
2000600
2000400
2000400
2000500
2000500
2000300
2000500
2000500
2000700
2000200
2000400
2000500
2000400
1000200
2000500
1000200
2000500
2000400
2000500
2000400
2000500
2000400
2000500
2000400
3000900
2000300
2000400
2000400
2000500
2000500
2000400
2000500
1000200
1000000
2000500
2000500
2000300
2000500
2000500
2000400
2000600
2000300
2000500
2000400
2000500
2000400
2000400
2000400
2000500
1000300
1000200
1000100
1000200
1000200
1000100
1000200
2000400
2000600
1000100
2000400
2000600
2000400
2000500
2000400
2000500
2000400
2000600
2000300
2000500
2000400
2000500
2000400
2000200
2001000
999900
2000500
2000500
2000400
2000400
2000500
2000400
2000600
2000300
2000500
2000400
2000500
2000500
2000300
2000500
2000500
2000400
2000600
2000300
2000500
2000400
2000400
2000500
2000400
1000300
1000200
2000500
2000400
2000500
2000500
2000400
2000600
2000300
2000400
2000500
2000400
2000500
2000500
2000400
2000600
2000300
2000400
2000500
2000400
2000500
2000400
2000400
2000600
2000400
2000400
2000500
2000400
2000500
2000400
2000500
2000500
2000400
2000400
2000500
2000400
2000500
2000400
2000600
2000400
2000400
2000400
2000500
2000400
2000600
2000300
2000500
2000500
2000400
2000400
2000500
