3000700
3000700
2000400
3000700
3000800
3000500
3000700
2000600
3000500
3000700
3000600
3000800
3000600
2000500
3000600
3000900
3000600
3000600
2000500
2000600
3000600
3000600
3000700
3001000
2000100
2000500
3000700
3000500
3000700
3000800
2000300
2000400
3000900
3000600
3000600
3000700
2000400
3000700
3000700
3000600
2000500
2000600
3000500
3000700
3000700
3000700
3000600
2000500
3000600
3000900
3000600
3000600
2000400
3000700
3000700
3000700
3000500
3000800
3000600
2000500
3000700
3000700
3000500
2000600
3000600
3000700
3000800
3000500
2000500
3000800
3000500
3000700
3000700
2000400
3000700
3000700
3000700
3000700
2000400
3000700
3000600
3000700
2000500
3000600
2000600
3000900
3000400
3000600
3000800
3000600
2000500
2000500
3000600
3000800
3000700
3000600
2000400
3000800
3000600
2000400
2000600
3000600
3000600
3000800
3000700
2000300
3000800
3000600
3000700
2000500
3000600
3000800
3000600
3000600
2000500
3000700
3000600
3000800
3000700
3000500
2000600
3000700
3000600
3000600
3000700
2000400
2000400
3000700
3000800
3000600
2000400
3000600
3000700
3000800
3000700
3000600
2000500
3000600
3000700
3000900
3000500
2000400
3000600
3000800
3000600
3000700
3000800
2000400
3000500
3000800
3000600
3000700
3000300
3001000
3000800
2000400
3000700
3000700
3000600
2000400
2000500
3000600
3000700
3000600
3000700
2000400
2000300
3000700
3000800
3000500
3000700
3000800
3000500
3000700
2000500
2000500
3000600
3000700
3000300
3001100
3000600
2000500
3000700
3000700
3000700
3000600
2000500
3000600
3000700
3000800
3000600
2000400
3000700
3000700
3000600
3000700
2000500
3000600
3000700
3000700
3000600
2000500
3000700
3000600
3000700
3000800
2000300
3000800
3000700
3000600
3000600
2000600
3000600
3000600
3000900
3000500
3000700
2000400
3000400
3000700
3000900
3000800
3000600
2000500
3000600
3000700
3000700
2000400
3000700
3000600
3000800
3000800
2000500
3000500
3000600
3000800
2000300
2000400
3000600
3000700
3000600
2000600
2000500
3000600
3000700
3000700
2000400
3000700
3000700
3000700
3000600
3000700
2000500
3000600
3000700
3000700
3000600
2000000
3001600
3000200
3000800
3000600
3000700
2000500
2000300
3000800
3000700
3000600
2000500
3000700
3000600
3000700
3000700
3000700
2000400
3000700
3000600
3000800
3000700
3000700
2000300
2000500
3000800
3000500
3000700
3000700
2000400
2000300
3000700
3000700
3000700
2000400
3000700
3000600
3000900
3000500
3001000
3000500
2000300
2000400
3000500
3000500
3000700
3000900
2000400
2000300
3000700
3000700
3000600
3000700
2000500
3000600
3000700
3000700
3000800
2000300
3000700
3000300
3000500
3000700
3001200
3000800
3000700
3000500
2000500
2000600
3000400
3000800
3000700
2000400
3000700
3000900
3000700
3000500
2000400
3000600
3000600
3000700
2000400
2000300
3000700
3000700
3000800
2000500
3000500
3000700
3000800
3000600
2000600
2000600
3000600
3000600
3000700
2000500
2000400
3000700
3000700
3000600
2000500
3000700
3000600
3000700
2000400
2000500
3000600
3000900
3000400
3000700
2000500
3000600
3000800
3000700
3000600
2000400
3000800
3000600
3000600
3000800
2000400
3000600
3000800
3000600
3000800
2000400
2000500
3000700
3000600
3000700
3000700
3000600
2000500
3000700
3000700
3000700
3000600
2000600
3000000
3001200
3000700
3000800
2000300
2000500
3000700
3000600
3000700
2000400
3000800
3000700
3000700
3000600
2000500
3000700
3000600
3000600
3000800
2000400
3000600
3000800
3000600
2000500
3000700
3000600
3000800
3000600
3000600
2000500
3000700
3000700
3000600
3000600
2000500
3000700
3000700
3000600
3000800
2000400
3000600
3000700
3000700
3000800
3000500
2000500
3000600
3000700
3000700
3000800
2000300
2000500
3000700
3000700
3000600
3000800
2000400
2000400
3000800
3000600
3000800
3000500
2000500
3000700
3000700
3000600
3000600
3000800
2000400
3000700
3000700
3000600
3000700
3000700
2000400
3000700
3000700
3000800
3000500
2000500
3000600
3000700
3000700
3000700
3000700
2000500
2000500
3000600
3000700
3000800
3000600
2000400
3000800
3000600
3000700
3000600
3000700
2000400
3000700
3000700
3000700
3000600
3000800
2000300
3000700
3000800
3000600
3000700
3000700
2000500
3000500
3000800
3000600
3000700
2000400
3000700
3000800
3000600
2000400
3000700
3000700
3000600
2000500
2000400
3000600
3000700
3000700
3000700
2000500
3000600
3000600
3000700
2000500
3000700
3000700
3000600
3000700
3000600
2000500
3000700
3000600
3000800
3000600
2000500
3000700
3000700
3000600
3000600
2000500
3000700
3000700
3000600
3000700
2000500
3000600
3000700
3000600
3000700
3000700
2000600
3000500
3000700
3000900
3000500
2000400
3000800
3000500
3000700
3000700
2000500
3000600
3000700
3000700
2000400
2000200
3000800
3000600
3000700
3000700
2000500
3000600
3000800
3000600
3000700
2000500
3000800
3000400
3000800
3000600
2000500
3000700
3000700
3000600
3000700
2000400
3000600
3000800
3000600
3000800
3000600
2000400
3000700
3000800
3000600
2000400
2000500
3000600
3000700
3000700
3000700
2000400
3000700
3000600
3000800
3000600
3000700
2000500
3000600
3000700
3000600
3000800
3000700
2000400
3000800
3000600
3000600
3000700
1999900
2000400
3000600
3001000
3000400
3000700
2000500
3000600
3000700
3000700
3000700
3000600
2000500
2000400
3000700
3000700
3000600
3000900
2000400
3000600
3000800
3000500
3000800
2000300
3000700
3000900
3000400
3000700
2000600
3000500
3000700
3000800
2000400
3000600
3000800
3000700
3000500
3000800
2000500
3000500
3000900
3000500
3000700
2000600
3000500
3000600
3000800
3000600
2000400
3000700
3000700
3000700
3000600
2000600
2000500
3000700
3000700
3000700
3000600
2000400
3000900
3000500
3000600
3000700
2000600
3000600
3000600
3000800
2000400
3000600
3000700
3000700
3000700
2000500
2000500
3000600
3000700
2000400
3000800
3000600
3000700
2000400
3000900
3000600
3000600
3000700
2000500
3000600
3000700
3000600
2000500
3000700
3000700
3000600
3000700
2000500
3000700
3000700
3000500
2000500
3000800
3000600
3000600
3000800
2000400
3000600
3000800
3000600
3000600
2000600
3000600
3000600
3000700
2000500
3000700
3000700
3000600
2000500
3000700
3000700
3000600
3000800
3000600
3000700
4000800
3000700
3000700
3000700
3000700
3000600
2000500
3000700
3000600
3000800
2000400
3000600
3000800
3000500
2000600
3000600
3000600
3000800
3000700
2000400
3000500
3001100
3000400
4000900
3000700
3000700
3000800
3000500
3000600
3000700
2000500
3000700
3000100
3001200
2000500
2000400
3000700
3000700
3000700
2000400
3000700
3000600
3000700
2000500
3000600
3000700
3000700
3000700
2000400
4001000
3000700
4000900
3000500
3000700
3000700
3000800
2000400
3000600
3000700
3000600
2000500
3000700
3000700
3000600
2000500
2000400
3000700
3000700
3000600
2000500
3000600
3001000
3000400
2000500
3000600
3000700
3000700
2000700
2000600
3000600
3000700
2000500
3000600
3000600
3000800
2000400
3000700
3000700
3000600
2000400
3000800
3000600
3000700
3000600
3001100
3000400
3000600
3000800
3000700
3000500
3000700
3000700
2000500
3000600
3000800
3000600
3000700
2000600
3000400
3000700
3000800
2000400
2000500
3000700
3000500
2000600
2000600
3000600
3000600
2000500
3000600
3000700
3000900
2000400
2000400
3000800
3000600
2000400
3000800
3000600
3000700
2000500
3000600
3000700
3000700
2000400
2000500
3000600
3000700
3000700
3000700
2000500
3000600
3000700
3000700
3000700
2000400
3000600
3000800
2000400
2000300
3000800
3000700
3000500
2000500
3000700
3000700
3000600
2000500
3000700
3000600
3000800
3000600
3000600
3000800
2000400
3000700
3000700
3000600
2000500
3000700
3000700
3000600
3000700
2000700
3000400
3000700
3000600
3000700
2000500
3000600
3000700
3000700
3000600
2000600
3000700
3000500
3000800
2000500
3000500
3000700
3001000
3000300
2000500
3000800
3000600
3000600
2000600
3000600
3000600
3001000
3000400
2000500
3000700
3000700
3000600
3000700
2000400
3000700
3000800
3000500
2000500
2000500
3000600
3000800
2000400
2000400
3000700
3000700
3000600
3000700
2000500
3000600
3000700
3000800
3000600
2000400
3000800
3000500
3000700
3000700
2000400
3000700
3000600
2000500
2000400
3000700
3000800
3000500
2000500
3000700
3000700
3000600
2000600
3000500
3000800
3000600
3000700
2000500
3000600
3000700
3000600
2000500
3000700
3000700
3000700
3000700
2000500
3000500
3000700
3000800
2000300
3000700
3000800
3000500
2000500
3000800
3000500
3000800
2000100
2000500
3000600
3000800
3000600
2000500
3000600
3000700
3000600
3000800
3000600
3000700
3000700
3000700
2000400
2000400
3000700
3000700
3000700
